-50.00   0.14646783
-48.99   0.14573785
-47.98   0.14528001
-46.97   0.14514869
-45.96   0.14539856
-44.95   0.14608212
-43.94   0.14724640
-42.93   0.14892862
-41.92   0.15115071
-40.91   0.15391262
-39.90   0.15718433
-38.89   0.16089690
-37.88   0.16493289
-36.87   0.16911723
-35.86   0.17320995
-34.85   0.17690353
-33.84   0.17982831
-32.83   0.18157100
-31.82   0.18171208
-30.81   0.17988770
-29.80   0.17587911
-28.79   0.16972504
-27.78   0.16183902
-26.77   0.15309318
-25.76   0.14480834
-24.75   0.13857761
-23.74   0.13586363
-22.73   0.13735957
-21.72   0.14221330
-20.71   0.14747301
-19.70   0.14862704
-18.69   0.14236164
-17.68   0.13097765
-16.67   0.12415982
-15.66   0.13023745
-14.65   0.13876927
-13.64   0.14062881
-12.63   0.15159469
-11.62   0.16421134
-10.61   0.17532625
 -9.60   0.17983268
 -8.59   0.16238732
 -7.58   0.14416642
 -6.57   0.13644100
 -5.56   0.16533297
 -4.55   0.16561500
 -3.54   0.15214277
 -2.53   0.15147176
 -1.52   0.15149895
 -0.51   0.15150948
  0.51   0.15150192
  1.52   0.15147611
  2.53   0.15143142
  3.54   0.15116880
  4.55   0.15081192
  5.56   0.15932812
  6.57   0.15348786
  7.58   0.14955525
  8.59   0.16169690
  9.60   0.16008160
 10.61   0.15111113
 11.62   0.17010899
 12.63   0.14839749
 13.64   0.14119875
 14.65   0.14129536
 15.66   0.13027452
 16.67   0.12231321
 17.68   0.12619927
 18.69   0.13796305
 19.70   0.14776225
 20.71   0.15028919
 21.72   0.14658256
 22.73   0.14076829
 23.74   0.13672958
 24.75   0.13647492
 25.76   0.14011424
 26.77   0.14659319
 27.78   0.15446306
 28.79   0.16238700
 29.80   0.16937312
 30.81   0.17482380
 31.82   0.17848889
 32.83   0.18038134
 33.84   0.18068851
 34.85   0.17969490
 35.86   0.17772235
 36.87   0.17508806
 37.88   0.17207839
 38.89   0.16893486
 39.90   0.16584925
 40.91   0.16296455
 41.92   0.16037948
 42.93   0.15815489
 43.94   0.15632070
 44.95   0.15488256
 45.96   0.15382807
 46.97   0.15313198
 47.98   0.15276059
 48.99   0.15267523
 50.00   0.15283502
