-50.00   0.16628881
-48.99   0.16610174
-47.98   0.16613204
-46.97   0.16642522
-45.96   0.16702719
-44.95   0.16798230
-43.94   0.16933051
-42.93   0.17110381
-41.92   0.17332155
-40.91   0.17598486
-39.90   0.17906992
-38.89   0.18252041
-37.88   0.18623947
-36.87   0.19008202
-35.86   0.19384872
-34.85   0.19728373
-33.84   0.20007926
-32.83   0.20189094
-31.82   0.20236879
-30.81   0.20120857
-29.80   0.19822574
-28.79   0.19344905
-27.78   0.18721904
-26.77   0.18026055
-25.76   0.17367811
-24.75   0.16881022
-23.74   0.16688503
-22.73   0.16846560
-21.72   0.17278355
-20.71   0.17729906
-19.70   0.17822874
-18.69   0.17291138
-17.68   0.16346142
-16.67   0.15799963
-15.66   0.16320797
-14.65   0.17068275
-13.64   0.17230560
-12.63   0.18175360
-11.62   0.19312305
-10.61   0.20179769
 -9.60   0.20653242
 -8.59   0.19223837
 -7.58   0.17739723
 -6.57   0.17151054
 -5.56   0.19620987
 -4.55   0.19570570
 -3.54   0.18433923
 -2.53   0.18380201
 -1.52   0.18383713
 -0.51   0.18384678
  0.51   0.18382976
  1.52   0.18378593
  2.53   0.18371482
  3.54   0.18345010
  4.55   0.18301920
  5.56   0.18904957
  6.57   0.18350599
  7.58   0.18053895
  8.59   0.19111989
  9.60   0.19077461
 10.61   0.18154783
 11.62   0.19792299
 12.63   0.17879760
 13.64   0.17293793
 14.65   0.17302301
 15.66   0.16309972
 16.67   0.15579665
 17.68   0.15927237
 18.69   0.16948173
 19.70   0.17770430
 20.71   0.17951010
 21.72   0.17596456
 22.73   0.17066795
 23.74   0.16691189
 24.75   0.16636782
 25.76   0.16911150
 26.77   0.17424663
 27.78   0.18054675
 28.79   0.18687978
 29.80   0.19240646
 30.81   0.19662369
 31.82   0.19932482
 32.83   0.20052683
 33.84   0.20039375
 34.85   0.19917005
 35.86   0.19712968
 36.87   0.19454066
 37.88   0.19164337
 38.89   0.18863928
 39.90   0.18568730
 40.91   0.18290502
 41.92   0.18037283
 42.93   0.17813951
 43.94   0.17622816
 44.95   0.17464192
 45.96   0.17336913
 46.97   0.17238777
 47.98   0.17166903
 48.99   0.17118028
 50.00   0.17088725
