-50.00   0.19655028
-48.99   0.19759845
-47.98   0.19876115
-46.97   0.20006502
-45.96   0.20153737
-44.95   0.20320503
-43.94   0.20509276
-42.93   0.20722110
-41.92   0.20960365
-40.91   0.21224369
-39.90   0.21513009
-38.89   0.21823273
-37.88   0.22149752
-36.87   0.22484160
-35.86   0.22814946
-34.85   0.23127117
-33.84   0.23402464
-32.83   0.23620413
-31.82   0.23759797
-30.81   0.23801826
-29.80   0.23734423
-28.79   0.23557793
-27.78   0.23290458
-26.77   0.22973992
-25.76   0.22673417
-24.75   0.22469078
-23.74   0.22435864
-22.73   0.22608429
-21.72   0.22939242
-20.71   0.23272574
-19.70   0.23380225
-18.69   0.23106882
-17.68   0.22587908
-16.67   0.22309333
-15.66   0.22655580
-14.65   0.23160970
-13.64   0.23294182
-12.63   0.23905135
-11.62   0.24676005
-10.61   0.25172071
 -9.60   0.25563442
 -8.59   0.24757433
 -7.58   0.23930541
 -6.57   0.23631563
 -5.56   0.25170047
 -4.55   0.25076938
 -3.54   0.24406877
 -2.53   0.24382526
 -1.52   0.24387939
 -0.51   0.24388134
  0.51   0.24383044
  1.52   0.24372670
  2.53   0.24356995
  3.54   0.24326269
  4.55   0.24275243
  5.56   0.24520150
  6.57   0.24125490
  7.58   0.23959559
  8.59   0.24598416
  9.60   0.24625816
 10.61   0.23890418
 11.62   0.24880267
 12.63   0.23631461
 13.64   0.23267085
 14.65   0.23234253
 15.66   0.22547632
 16.67   0.22032064
 17.68   0.22228614
 18.69   0.22825181
 19.70   0.23262559
 20.71   0.23284515
 21.72   0.22976671
 22.73   0.22567857
 23.74   0.22256676
 24.75   0.22139615
 25.76   0.22217626
 26.77   0.22434764
 27.78   0.22716401
 28.79   0.22994414
 29.80   0.23218978
 30.81   0.23361003
 31.82   0.23409495
 32.83   0.23366895
 33.84   0.23244251
 34.85   0.23057098
 35.86   0.22822363
 36.87   0.22556285
 37.88   0.22273181
 38.89   0.21984857
 39.90   0.21700467
 40.91   0.21426648
 41.92   0.21167813
 42.93   0.20926522
 43.94   0.20703849
 44.95   0.20499737
 45.96   0.20313312
 46.97   0.20143138
 47.98   0.19987436
 48.99   0.19844244
 50.00   0.19711549
