-50.00   0.18331018
-48.99   0.18373067
-47.98   0.18431363
-46.97   0.18509496
-45.96   0.18611113
-44.95   0.18739766
-43.94   0.18898687
-42.93   0.19090506
-41.92   0.19316886
-40.91   0.19578070
-39.90   0.19872351
-38.89   0.20195463
-37.88   0.20539942
-36.87   0.20894496
-35.86   0.21243526
-34.85   0.21566919
-33.84   0.21840395
-32.83   0.22036690
-31.82   0.22127974
-30.81   0.22089857
-29.80   0.21907204
-28.79   0.21581531
-27.78   0.21138889
-26.77   0.20635850
-25.76   0.20159540
-24.75   0.19816390
-23.74   0.19704555
-22.73   0.19868698
-21.72   0.20245765
-20.71   0.20630840
-19.70   0.20722815
-18.69   0.20315251
-17.68   0.19584727
-16.67   0.19175898
-15.66   0.19604402
-14.65   0.20228575
-13.64   0.20372370
-12.63   0.21146876
-11.62   0.22107177
-10.61   0.22767289
 -9.60   0.23213608
 -8.59   0.22107676
 -7.58   0.20966566
 -6.57   0.20536771
 -5.56   0.22535459
 -4.55   0.22447604
 -3.54   0.21547595
 -2.53   0.21508739
 -1.52   0.21513198
 -0.51   0.21513919
  0.51   0.21510808
  1.52   0.21503858
  2.53   0.21493036
  3.54   0.21465246
  4.55   0.21417676
  5.56   0.21817909
  6.57   0.21335029
  7.58   0.21114831
  8.59   0.21969505
  9.60   0.21991493
 10.61   0.21136650
 11.62   0.22454737
 12.63   0.20869699
 13.64   0.20405851
 14.65   0.20398962
 15.66   0.19555963
 16.67   0.18929023
 17.68   0.19209198
 18.69   0.20025860
 19.70   0.20658332
 20.71   0.20759519
 21.72   0.20428694
 22.73   0.19961144
 23.74   0.19619739
 24.75   0.19535228
 25.76   0.19711595
 26.77   0.20076343
 27.78   0.20531261
 28.79   0.20986033
 29.80   0.21374023
 30.81   0.21655701
 31.82   0.21815352
 32.83   0.21855118
 33.84   0.21788744
 34.85   0.21636188
 35.86   0.21419536
 36.87   0.21160201
 37.88   0.20877235
 38.89   0.20586488
 39.90   0.20300361
 40.91   0.20027943
 41.92   0.19775372
 42.93   0.19546294
 43.94   0.19342346
 44.95   0.19163622
 45.96   0.19009076
 46.97   0.18876879
 47.98   0.18764699
 48.99   0.18669927
 50.00   0.18589856
