-50.00   0.21130383
-48.99   0.21353289
-47.98   0.21581612
-46.97   0.21816520
-45.96   0.22059238
-44.95   0.22310999
-43.94   0.22572969
-42.93   0.22846149
-41.92   0.23131244
-40.91   0.23428498
-39.90   0.23737491
-38.89   0.24056906
-37.88   0.24384270
-36.87   0.24715696
-35.86   0.25045662
-34.85   0.25366879
-33.84   0.25670348
-32.83   0.25945717
-31.82   0.26182083
-30.81   0.26369386
-29.80   0.26500512
-28.79   0.26574061
-27.78   0.26597460
-26.77   0.26589604
-25.76   0.26581537
-24.75   0.26612963
-23.74   0.26722242
-22.73   0.26928773
-21.72   0.27211044
-20.71   0.27492375
-19.70   0.27657811
-18.69   0.27626303
-17.68   0.27461012
-16.67   0.27402119
-15.66   0.27644872
-14.65   0.27976825
-13.64   0.28113496
-12.63   0.28478673
-11.62   0.28937330
-10.61   0.29226080
 -9.60   0.29497883
 -8.59   0.29152886
 -7.58   0.28799882
 -6.57   0.28685738
 -5.56   0.29492097
 -4.55   0.29438077
 -3.54   0.29128950
 -2.53   0.29127394
 -1.52   0.29133667
 -0.51   0.29131197
  0.51   0.29119974
  1.52   0.29100027
  2.53   0.29071380
  3.54   0.29029407
  4.55   0.28968963
  5.56   0.29019016
  6.57   0.28777412
  7.58   0.28661980
  8.59   0.28929393
  9.60   0.28896294
 10.61   0.28414194
 11.62   0.28850854
 12.63   0.28143056
 13.64   0.27897094
 14.65   0.27797210
 15.66   0.27357708
 16.67   0.27011645
 17.68   0.27031758
 18.69   0.27236210
 19.70   0.27338964
 20.71   0.27221355
 21.72   0.26936539
 22.73   0.26603051
 23.74   0.26318717
 24.75   0.26128415
 25.76   0.26029928
 26.77   0.25994002
 27.78   0.25983291
 28.79   0.25964558
 29.80   0.25914201
 30.81   0.25819161
 31.82   0.25675352
 32.83   0.25485179
 33.84   0.25255037
 34.85   0.24993248
 35.86   0.24708550
 36.87   0.24409119
 37.88   0.24102017
 38.89   0.23792962
 39.90   0.23486307
 40.91   0.23185147
 41.92   0.22891490
 42.93   0.22606457
 43.94   0.22330478
 44.95   0.22063465
 45.96   0.21804970
 46.97   0.21554310
 47.98   0.21310663
 48.99   0.21073150
 50.00   0.20840889
