-50.00   0.20578622
-48.99   0.20744552
-47.98   0.20918279
-46.97   0.21101645
-45.96   0.21296561
-44.95   0.21504924
-43.94   0.21728511
-42.93   0.21968824
-41.92   0.22226900
-40.91   0.22503065
-39.90   0.22796644
-38.89   0.23105621
-37.88   0.23426278
-36.87   0.23752834
-35.86   0.24077143
-34.85   0.24388545
-33.84   0.24673990
-32.83   0.24918611
-31.82   0.25106946
-30.81   0.25225029
-29.80   0.25263476
-28.79   0.25221495
-27.78   0.25111309
-26.77   0.24961760
-25.76   0.24818914
-24.75   0.24740566
-23.74   0.24781434
-22.73   0.24967797
-21.72   0.25266496
-20.71   0.25565477
-19.70   0.25699384
-18.69   0.25554537
-17.68   0.25226902
-16.67   0.25065845
-15.66   0.25349296
-14.65   0.25755265
-13.64   0.25886466
-12.63   0.26358356
-11.62   0.26956802
-10.61   0.27331015
 -9.60   0.27659811
 -8.59   0.27110015
 -7.58   0.26548104
 -6.57   0.26353230
 -5.56   0.27487237
 -4.55   0.27409042
 -3.54   0.26939450
 -2.53   0.26927827
 -1.52   0.26933959
 -0.51   0.26933167
  0.51   0.26925414
  1.52   0.26910709
  2.53   0.26889058
  3.54   0.26853570
  4.55   0.26798534
  5.56   0.26929688
  6.57   0.26619426
  7.58   0.26487147
  8.59   0.26925127
  9.60   0.26928429
 10.61   0.26325787
 11.62   0.27015253
 12.63   0.26066485
 13.64   0.25774409
 14.65   0.25709336
 15.66   0.25161451
 16.67   0.24743166
 17.68   0.24850280
 18.69   0.25237521
 19.70   0.25494697
 20.71   0.25442832
 21.72   0.25151227
 22.73   0.24788408
 23.74   0.24497024
 24.75   0.24344544
 25.76   0.24329841
 26.77   0.24411598
 27.78   0.24535795
 28.79   0.24653660
 29.80   0.24729967
 30.81   0.24744610
 31.82   0.24690534
 32.83   0.24570263
 33.84   0.24392345
 34.85   0.24168362
 35.86   0.23910715
 36.87   0.23631157
 37.88   0.23339946
 38.89   0.23045465
 39.90   0.22754147
 40.91   0.22470606
 41.92   0.22197865
 42.93   0.21937633
 43.94   0.21690580
 44.95   0.21456595
 45.96   0.21235005
 46.97   0.21024766
 47.98   0.20824611
 48.99   0.20633165
 50.00   0.20449033
