-50.00   0.21331025
-48.99   0.21650328
-47.98   0.21973709
-46.97   0.22301442
-45.96   0.22633826
-44.95   0.22971160
-43.94   0.23313723
-42.93   0.23661730
-41.92   0.24015286
-40.91   0.24374318
-39.90   0.24738492
-38.89   0.25107117
-37.88   0.25479028
-36.87   0.25852471
-35.86   0.26224994
-34.85   0.26593368
-33.84   0.26953580
-32.83   0.27300939
-31.82   0.27630370
-30.81   0.27936952
-29.80   0.28216772
-28.79   0.28468088
-27.78   0.28692702
-26.77   0.28897233
-25.76   0.29093663
-24.75   0.29298213
-23.74   0.29527415
-22.73   0.29790713
-21.72   0.30080719
-20.71   0.30366140
-19.70   0.30597526
-18.69   0.30736915
-17.68   0.30805977
-16.67   0.30904521
-15.66   0.31120765
-14.65   0.31374431
-13.64   0.31535451
-12.63   0.31778323
-11.62   0.32061748
-10.61   0.32257863
 -9.60   0.32450548
 -8.59   0.32370840
 -7.58   0.32282627
 -6.57   0.32273461
 -5.56   0.32651411
 -4.55   0.32644493
 -3.54   0.32537706
 -2.53   0.32546425
 -1.52   0.32549479
 -0.51   0.32540432
  0.51   0.32519360
  1.52   0.32486351
  2.53   0.32441488
  3.54   0.32382986
  4.55   0.32307693
  5.56   0.32260727
  6.57   0.32099203
  7.58   0.31985221
  8.59   0.32015830
  9.60   0.31911671
 10.61   0.31595967
 11.62   0.31682765
 12.63   0.31274174
 13.64   0.31061076
 14.65   0.30894654
 15.66   0.30577807
 16.67   0.30300366
 17.68   0.30172745
 18.69   0.30108877
 19.70   0.29987674
 20.71   0.29764381
 21.72   0.29466245
 22.73   0.29145007
 23.74   0.28841162
 24.75   0.28572014
 25.76   0.28335344
 26.77   0.28118311
 27.78   0.27905409
 28.79   0.27683391
 29.80   0.27443346
 30.81   0.27180875
 31.82   0.26895281
 32.83   0.26588441
 33.84   0.26263727
 34.85   0.25925145
 35.86   0.25576726
 36.87   0.25222149
 37.88   0.24864551
 38.89   0.24506458
 39.90   0.24149799
 40.91   0.23795971
 41.92   0.23445924
 42.93   0.23100243
 43.94   0.22759243
 44.95   0.22423033
 45.96   0.22091585
 46.97   0.21764780
 47.98   0.21442447
 48.99   0.21124394
 50.00   0.20810426
