-50.00   0.21362194
-48.99   0.21636477
-47.98   0.21915000
-46.97   0.22198414
-45.96   0.22487406
-44.95   0.22782678
-43.94   0.23084895
-42.93   0.23394624
-41.92   0.23712253
-40.91   0.24037883
-39.90   0.24371191
-38.89   0.24711282
-37.88   0.25056507
-36.87   0.25404292
-35.86   0.25750970
-34.85   0.26091688
-33.84   0.26420410
-32.83   0.26730127
-31.82   0.27013355
-30.81   0.27263022
-29.80   0.27473838
-28.79   0.27644125
-27.78   0.27777929
-26.77   0.27886885
-25.76   0.27990860
-24.75   0.28115898
-23.74   0.28287780
-22.73   0.28520351
-21.72   0.28800592
-20.71   0.29078429
-19.70   0.29277026
-18.69   0.29340119
-17.68   0.29306272
-16.67   0.29333669
-15.66   0.29555581
-14.65   0.29838231
-13.64   0.29985691
-12.63   0.30276247
-11.62   0.30631250
-10.61   0.30863248
 -9.60   0.31089511
 -8.59   0.30899187
 -7.58   0.30701629
 -6.57   0.30648402
 -5.56   0.31205933
 -4.55   0.31177359
 -3.54   0.30987694
 -2.53   0.30993033
 -1.52   0.30998444
 -0.51   0.30993327
  0.51   0.30977706
  1.52   0.30951634
  2.53   0.30915161
  3.54   0.30865336
  4.55   0.30797986
  5.56   0.30790956
  6.57   0.30598414
  7.58   0.30487589
  8.59   0.30619734
  9.60   0.30548889
 10.61   0.30163118
 11.62   0.30400005
 12.63   0.29869849
 13.64   0.29648245
 14.65   0.29513867
 15.66   0.29150014
 16.67   0.28849539
 17.68   0.28790459
 18.69   0.28844696
 19.70   0.28821913
 20.71   0.28647327
 21.72   0.28359824
 22.73   0.28039314
 23.74   0.27750046
 24.75   0.27520501
 25.76   0.27348186
 26.77   0.27213254
 27.78   0.27091039
 28.79   0.26959982
 29.80   0.26805114
 30.81   0.26618511
 31.82   0.26398143
 32.83   0.26146168
 33.84   0.25867252
 34.85   0.25567207
 35.86   0.25252010
 36.87   0.24927180
 37.88   0.24597443
 38.89   0.24266600
 39.90   0.23937536
 40.91   0.23612301
 41.92   0.23292236
 42.93   0.22978106
 43.94   0.22670234
 44.95   0.22368618
 45.96   0.22073030
 46.97   0.21783097
 47.98   0.21498368
 48.99   0.21218355
 50.00   0.20942576
