-50.00   0.21090291
-48.99   0.21447959
-47.98   0.21810311
-46.97   0.22177382
-45.96   0.22549206
-44.95   0.22925806
-43.94   0.23307182
-42.93   0.23693283
-41.92   0.24083985
-40.91   0.24479046
-39.90   0.24878058
-38.89   0.25280390
-37.88   0.25685114
-36.87   0.26090936
-35.86   0.26496119
-34.85   0.26898435
-33.84   0.27295143
-32.83   0.27683045
-31.82   0.28058648
-30.81   0.28418472
-29.80   0.28759562
-28.79   0.29080196
-27.78   0.29380744
-26.77   0.29664500
-25.76   0.29938111
-24.75   0.30211026
-23.74   0.30493219
-22.73   0.30790717
-21.72   0.31099499
-20.71   0.31400764
-19.70   0.31663827
-18.69   0.31863815
-17.68   0.32011705
-16.67   0.32167719
-15.66   0.32388300
-14.65   0.32627675
-13.64   0.32802617
-12.63   0.33017587
-11.62   0.33254079
-10.61   0.33428035
 -9.60   0.33596598
 -8.59   0.33591117
 -7.58   0.33574811
 -6.57   0.33595042
 -5.56   0.33848012
 -4.55   0.33856118
 -3.54   0.33802086
 -2.53   0.33810348
 -1.52   0.33809006
 -0.51   0.33794415
  0.51   0.33766726
  1.52   0.33726078
  2.53   0.33672588
  3.54   0.33605245
  4.55   0.33521781
  5.56   0.33447180
  6.57   0.33302898
  7.58   0.33181995
  8.59   0.33140193
  9.60   0.33009657
 10.61   0.32741411
 11.62   0.32720474
 12.63   0.32389710
 13.64   0.32175251
 14.65   0.31980798
 15.66   0.31689245
 16.67   0.31418621
 17.68   0.31234065
 18.69   0.31080302
 19.70   0.30883688
 20.71   0.30618885
 21.72   0.30304226
 22.73   0.29971940
 23.74   0.29646579
 24.75   0.29338276
 25.76   0.29045392
 26.77   0.28760106
 27.78   0.28473250
 28.79   0.28177232
 29.80   0.27867201
 30.81   0.27541073
 31.82   0.27198985
 32.83   0.26842580
 33.84   0.26474337
 34.85   0.26097057
 35.86   0.25713498
 36.87   0.25326162
 37.88   0.24937187
 38.89   0.24548315
 39.90   0.24160915
 40.91   0.23776019
 41.92   0.23394379
 42.93   0.23016521
 43.94   0.22642801
 44.95   0.22273442
 45.96   0.21908579
 46.97   0.21548281
 47.98   0.21192580
 48.99   0.20841482
 50.00   0.20494983
