-50.00   0.20687005
-48.99   0.21076377
-47.98   0.21471575
-46.97   0.21872501
-45.96   0.22279035
-44.95   0.22691033
-43.94   0.23108314
-42.93   0.23530653
-41.92   0.23957755
-40.91   0.24389241
-39.90   0.24824612
-38.89   0.25263219
-37.88   0.25704221
-36.87   0.26146536
-35.86   0.26588803
-34.85   0.27029342
-33.84   0.27466142
-32.83   0.27896877
-31.82   0.28318998
-30.81   0.28729902
-29.80   0.29127222
-28.79   0.29509241
-27.78   0.29875409
-26.77   0.30226868
-25.76   0.30566764
-24.75   0.30900016
-23.74   0.31232077
-22.73   0.31566363
-21.72   0.31900603
-20.71   0.32223804
-19.70   0.32517519
-18.69   0.32765897
-17.68   0.32973658
-16.67   0.33175399
-15.66   0.33405848
-14.65   0.33640330
-13.64   0.33827612
-12.63   0.34027327
-11.62   0.34233556
-10.61   0.34393014
 -9.60   0.34543227
 -8.59   0.34582966
 -7.58   0.34609160
 -6.57   0.34645673
 -5.56   0.34812870
 -4.55   0.34827945
 -3.54   0.34802956
 -2.53   0.34806561
 -1.52   0.34798227
 -0.51   0.34776142
  0.51   0.34740569
  1.52   0.34691720
  2.53   0.34629746
  3.54   0.34554112
  4.55   0.34463228
  5.56   0.34370176
  6.57   0.34234419
  7.58   0.34106210
  8.59   0.34015837
  9.60   0.33866706
 10.61   0.33629346
 11.62   0.33534867
 12.63   0.33251292
 13.64   0.33030854
 14.65   0.32813475
 15.66   0.32532774
 16.67   0.32259060
 17.68   0.32028834
 18.69   0.31808181
 19.70   0.31554361
 20.71   0.31253925
 21.72   0.30918765
 22.73   0.30568247
 23.74   0.30216765
 24.75   0.29870154
 25.76   0.29527485
 26.77   0.29184423
 27.78   0.28836043
 28.79   0.28478467
 29.80   0.28109478
 30.81   0.27728482
 31.82   0.27336150
 32.83   0.26933983
 33.84   0.26523917
 34.85   0.26108025
 35.86   0.25688307
 36.87   0.25266578
 37.88   0.24844408
 38.89   0.24423112
 39.90   0.24003763
 40.91   0.23587221
 41.92   0.23174162
 42.93   0.22765116
 43.94   0.22360493
 44.95   0.21960615
 45.96   0.21565729
 46.97   0.21176032
 47.98   0.20791679
 48.99   0.20412795
 50.00   0.20039483
