-50.00   0.20161418
-48.99   0.20576044
-47.98   0.20997964
-46.97   0.21427029
-45.96   0.21863058
-44.95   0.22305828
-43.94   0.22755069
-42.93   0.23210458
-41.92   0.23671603
-40.91   0.24138030
-39.90   0.24609169
-38.89   0.25084330
-37.88   0.25562677
-36.87   0.26043208
-35.86   0.26524719
-34.85   0.27005790
-33.84   0.27484766
-32.83   0.27959771
-31.82   0.28428742
-30.81   0.28889531
-29.80   0.29340052
-28.79   0.29778524
-27.78   0.30203763
-26.77   0.30615504
-25.76   0.31014615
-24.75   0.31403034
-23.74   0.31783142
-22.73   0.32156364
-21.72   0.32521106
-20.71   0.32870895
-19.70   0.33194825
-18.69   0.33482966
-17.68   0.33736648
-16.67   0.33974605
-15.66   0.34217230
-14.65   0.34452025
-13.64   0.34648772
-12.63   0.34839896
-11.62   0.35025556
-10.61   0.35173364
 -9.60   0.35307307
 -8.59   0.35369501
 -7.58   0.35415354
 -6.57   0.35456137
 -5.56   0.35562998
 -4.55   0.35576372
 -3.54   0.35562081
 -2.53   0.35556420
 -1.52   0.35537958
 -0.51   0.35506109
  0.51   0.35461304
  1.52   0.35403854
  2.53   0.35333941
  3.54   0.35251282
  4.55   0.35154738
  5.56   0.35050614
  6.57   0.34919385
  7.58   0.34786207
  8.59   0.34666369
  9.60   0.34506604
 10.61   0.34289900
 11.62   0.34148692
 12.63   0.33893186
 13.64   0.33666259
 14.65   0.33431710
 15.66   0.33153639
 16.67   0.32872029
 17.68   0.32606220
 18.69   0.32336374
 19.70   0.32038934
 20.71   0.31707351
 21.72   0.31349134
 22.73   0.30975605
 23.74   0.30595061
 24.75   0.30210982
 25.76   0.29823175
 26.77   0.29429693
 27.78   0.29028389
 28.79   0.28617782
 29.80   0.28197350
 30.81   0.27767472
 31.82   0.27329201
 32.83   0.26884010
 33.84   0.26433567
 34.85   0.25979567
 35.86   0.25523623
 36.87   0.25067198
 37.88   0.24611586
 38.89   0.24157899
 39.90   0.23707081
 40.91   0.23259929
 41.92   0.22817105
 42.93   0.22379161
 43.94   0.21946555
 44.95   0.21519667
 45.96   0.21098812
 46.97   0.20684249
 47.98   0.20276195
 48.99   0.19874823
 50.00   0.19480276
