-50.00   0.19547458
-48.99   0.19981265
-47.98   0.20423982
-46.97   0.20875480
-45.96   0.21335581
-44.95   0.21804059
-43.94   0.22280629
-42.93   0.22764942
-41.92   0.23256573
-40.91   0.23755014
-39.90   0.24259658
-38.89   0.24769787
-37.88   0.25284555
-36.87   0.25802972
-35.86   0.26323887
-34.85   0.26845969
-33.84   0.27367703
-32.83   0.27887387
-31.82   0.28403151
-30.81   0.28913006
-29.80   0.29414925
-28.79   0.29906972
-27.78   0.30387464
-26.77   0.30855167
-25.76   0.31309434
-24.75   0.31750218
-23.74   0.32177790
-22.73   0.32592034
-21.72   0.32991351
-20.71   0.33371592
-19.70   0.33726152
-18.69   0.34048719
-17.68   0.34338874
-16.67   0.34605936
-15.66   0.34861164
-14.65   0.35098633
-13.64   0.35301377
-12.63   0.35486213
-11.62   0.35655673
-10.61   0.35791170
 -9.60   0.35907845
 -8.59   0.35974611
 -7.58   0.36022254
 -6.57   0.36056117
 -5.56   0.36116958
 -4.55   0.36119784
 -3.54   0.36101868
 -2.53   0.36081916
 -1.52   0.36049703
 -0.51   0.36005541
  0.51   0.35950097
  1.52   0.35883814
  2.53   0.35806899
  3.54   0.35719150
  4.55   0.35619643
  5.56   0.35510911
  6.57   0.35384082
  7.58   0.35250336
  8.59   0.35116416
  9.60   0.34953967
 10.61   0.34753218
 11.62   0.34586082
 12.63   0.34348501
 13.64   0.34117425
 14.65   0.33871659
 15.66   0.33592607
 16.67   0.33301789
 17.68   0.33008802
 18.69   0.32702640
 19.70   0.32371108
 20.71   0.32011477
 21.72   0.31628485
 22.73   0.31228744
 23.74   0.30817173
 24.75   0.30396156
 25.76   0.29966222
 26.77   0.29527076
 27.78   0.29078401
 28.79   0.28620275
 29.80   0.28153299
 30.81   0.27678526
 31.82   0.27197335
 32.83   0.26711275
 33.84   0.26221947
 34.85   0.25730908
 35.86   0.25239619
 36.87   0.24749407
 37.88   0.24261456
 38.89   0.23776807
 39.90   0.23296363
 40.91   0.22820902
 41.92   0.22351089
 42.93   0.21887490
 43.94   0.21430582
 44.95   0.20980764
 45.96   0.20538367
 46.97   0.20103662
 47.98   0.19676868
 48.99   0.19258155
 50.00   0.18847653
