-50.00   0.18873308
-48.99   0.19320718
-47.98   0.19778674
-46.97   0.20247108
-45.96   0.20725902
-44.95   0.21214880
-43.94   0.21713801
-42.93   0.22222351
-41.92   0.22740133
-40.91   0.23266659
-39.90   0.23801334
-38.89   0.24343450
-37.88   0.24892167
-36.87   0.25446502
-35.86   0.26005316
-34.85   0.26567299
-33.84   0.27130963
-32.83   0.27694636
-31.82   0.28256470
-30.81   0.28814459
-29.80   0.29366486
-28.79   0.29910385
-27.78   0.30444031
-26.77   0.30965457
-25.76   0.31472942
-24.75   0.31965055
-23.74   0.32440552
-22.73   0.32898066
-21.72   0.33335571
-20.71   0.33749832
-19.70   0.34136383
-18.69   0.34490860
-17.68   0.34811892
-16.67   0.35103381
-15.66   0.35370937
-14.65   0.35611880
-13.64   0.35817223
-12.63   0.35995371
-11.62   0.36149417
-10.61   0.36269681
 -9.60   0.36365895
 -8.59   0.36423007
 -7.58   0.36458161
 -6.57   0.36474605
 -5.56   0.36495460
 -4.55   0.36478937
 -3.54   0.36445875
 -2.53   0.36406238
 -1.52   0.36356254
 -0.51   0.36297003
  0.51   0.36229478
  1.52   0.36154291
  2.53   0.36071660
  3.54   0.35981328
  4.55   0.35882348
  5.56   0.35775103
  6.57   0.35655405
  7.58   0.35526942
  8.59   0.35391603
  9.60   0.35234356
 10.61   0.35049124
 11.62   0.34872209
 12.63   0.34648737
 13.64   0.34417499
 14.65   0.34166235
 15.66   0.33885530
 16.67   0.33586146
 17.68   0.33272452
 18.69   0.32938737
 19.70   0.32579250
 20.71   0.32193334
 21.72   0.31784168
 22.73   0.31355874
 23.74   0.30911739
 24.75   0.30453850
 25.76   0.29983447
 26.77   0.29501431
 27.78   0.29008741
 28.79   0.28506525
 29.80   0.27996174
 30.81   0.27479270
 31.82   0.26957498
 32.83   0.26432563
 33.84   0.25906126
 34.85   0.25379751
 35.86   0.24854881
 36.87   0.24332820
 37.88   0.23814728
 38.89   0.23301629
 39.90   0.22794413
 40.91   0.22293847
 41.92   0.21800585
 42.93   0.21315182
 43.94   0.20838095
 44.95   0.20369704
 45.96   0.19910311
 46.97   0.19460152
 47.98   0.19019405
 48.99   0.18588196
 50.00   0.18166602
