-50.00   0.18161982
-48.99   0.18617999
-47.98   0.19086118
-46.97   0.19566366
-45.96   0.20058718
-44.95   0.20563089
-43.94   0.21079327
-42.93   0.21607202
-41.92   0.22146394
-40.91   0.22696485
-39.90   0.23256945
-38.89   0.23827119
-37.88   0.24406212
-36.87   0.24993275
-35.86   0.25587192
-34.85   0.26186665
-33.84   0.26790201
-32.83   0.27396104
-31.82   0.28002473
-30.81   0.28607205
-29.80   0.29208015
-28.79   0.29802466
-27.78   0.30388020
-26.77   0.30962099
-25.76   0.31522152
-24.75   0.32065700
-23.74   0.32590327
-22.73   0.33093576
-21.72   0.33572732
-20.71   0.34024580
-19.70   0.34445401
-18.69   0.34831587
-17.68   0.35181080
-16.67   0.35494649
-15.66   0.35774456
-14.65   0.36019173
-13.64   0.36224339
-12.63   0.36394134
-11.62   0.36531528
-10.61   0.36632488
 -9.60   0.36703764
 -8.59   0.36739718
 -7.58   0.36750669
 -6.57   0.36739859
 -5.56   0.36721065
 -4.55   0.36676591
 -3.54   0.36618715
 -2.53   0.36553735
 -1.52   0.36481677
 -0.51   0.36404404
  0.51   0.36323342
  1.52   0.36239317
  2.53   0.36152537
  3.54   0.36062565
  4.55   0.35968202
  5.56   0.35868430
  6.57   0.35760507
  7.58   0.35644058
  8.59   0.35518027
  9.60   0.35373731
 10.61   0.35206497
 11.62   0.35032424
 12.63   0.34823221
 13.64   0.34596445
 14.65   0.34344766
 15.66   0.34063239
 16.67   0.33756636
 17.68   0.33426710
 18.69   0.33070817
 19.70   0.32686764
 20.71   0.32275085
 21.72   0.31838292
 22.73   0.31379442
 23.74   0.30901295
 24.75   0.30406135
 25.76   0.29895923
 26.77   0.29372504
 27.78   0.28837750
 28.79   0.28293610
 29.80   0.27742095
 30.81   0.27185232
 31.82   0.26625010
 32.83   0.26063335
 33.84   0.25501989
 34.85   0.24942612
 35.86   0.24386685
 36.87   0.23835531
 37.88   0.23290312
 38.89   0.22752041
 39.90   0.22221586
 40.91   0.21699684
 41.92   0.21186952
 42.93   0.20683895
 43.94   0.20190919
 44.95   0.19708341
 45.96   0.19236399
 46.97   0.18775260
 47.98   0.18325028
 48.99   0.17885752
 50.00   0.17457433
