-50.00   0.17431910
-48.99   0.17892159
-47.98   0.18365925
-46.97   0.18853348
-45.96   0.19354517
-44.95   0.19869467
-43.94   0.20398163
-42.93   0.20940495
-41.92   0.21496259
-40.91   0.22065153
-39.90   0.22646754
-38.89   0.23240506
-37.88   0.23845707
-36.87   0.24461485
-35.86   0.25086784
-34.85   0.25720346
-33.84   0.26360693
-32.83   0.27006113
-31.82   0.27654647
-30.81   0.28304081
-29.80   0.28951952
-28.79   0.29595553
-27.78   0.30231959
-26.77   0.30858059
-25.76   0.31470607
-24.75   0.32066258
-23.74   0.32641608
-22.73   0.33193186
-21.72   0.33717413
-20.71   0.34210545
-19.70   0.34668709
-18.69   0.35088221
-17.68   0.35466288
-16.67   0.35801723
-15.66   0.36094492
-14.65   0.36343564
-13.64   0.36546808
-12.63   0.36706431
-11.62   0.36825160
-10.61   0.36902509
 -9.60   0.36943911
 -8.59   0.36949297
 -7.58   0.36926226
 -6.57   0.36879046
 -5.56   0.36817374
 -4.55   0.36736670
 -3.54   0.36645549
 -2.53   0.36549443
 -1.52   0.36450863
 -0.51   0.36352562
  0.51   0.36256516
  1.52   0.36163817
  2.53   0.36074640
  3.54   0.35988247
  4.55   0.35902956
  5.56   0.35816600
  6.57   0.35726188
  7.58   0.35628865
  8.59   0.35521453
  9.60   0.35397577
 10.61   0.35252527
 11.62   0.35091195
 12.63   0.34898547
 13.64   0.34680697
 14.65   0.34432732
 15.66   0.34151614
 16.67   0.33838957
 17.68   0.33495351
 18.69   0.33119938
 19.70   0.32712537
 20.71   0.32274521
 21.72   0.31808380
 22.73   0.31317020
 23.74   0.30803350
 24.75   0.30270171
 25.76   0.29720191
 26.77   0.29156075
 27.78   0.28580467
 28.79   0.27995971
 29.80   0.27405120
 30.81   0.26810342
 31.82   0.26213914
 32.83   0.25617946
 33.84   0.25024357
 34.85   0.24434871
 35.86   0.23851014
 36.87   0.23274120
 37.88   0.22705338
 38.89   0.22145648
 39.90   0.21595869
 40.91   0.21056677
 41.92   0.20528613
 42.93   0.20012102
 43.94   0.19507462
 44.95   0.19014920
 45.96   0.18534618
 46.97   0.18066628
 47.98   0.17610956
 48.99   0.17167558
 50.00   0.16736341
