-50.00   0.16697526
-48.99   0.17158262
-47.98   0.17633752
-46.97   0.18124257
-45.96   0.18629993
-44.95   0.19151127
-43.94   0.19687762
-42.93   0.20239930
-41.92   0.20807574
-40.91   0.21390535
-39.90   0.21988538
-38.89   0.22601169
-37.88   0.23227860
-36.87   0.23867862
-35.86   0.24520232
-34.85   0.25183799
-33.84   0.25857148
-32.83   0.26538592
-31.82   0.27226157
-30.81   0.27917556
-29.80   0.28610180
-28.79   0.29301092
-27.78   0.29987031
-26.77   0.30664424
-25.76   0.31329416
-24.75   0.31977909
-23.74   0.32605604
-22.73   0.33208051
-21.72   0.33780691
-20.71   0.34318899
-19.70   0.34818082
-18.69   0.35273888
-17.68   0.35682591
-16.67   0.36041524
-15.66   0.36349066
-14.65   0.36603861
-13.64   0.36804727
-12.63   0.36952973
-11.62   0.37051164
-10.61   0.37101056
 -9.60   0.37107854
 -8.59   0.37074987
 -7.58   0.37009596
 -6.57   0.36917747
 -5.56   0.36808043
 -4.55   0.36683294
 -3.54   0.36551387
 -2.53   0.36418430
 -1.52   0.36288884
 -0.51   0.36166555
  0.51   0.36054109
  1.52   0.35952952
  2.53   0.35863201
  3.54   0.35783700
  4.55   0.35712062
  5.56   0.35644937
  6.57   0.35578207
  7.58   0.35507082
  8.59   0.35426461
  9.60   0.35329999
 10.61   0.35212034
 11.62   0.35071162
 12.63   0.34898123
 13.64   0.34692951
 14.65   0.34451651
 15.66   0.34171823
 16.67   0.33853542
 17.68   0.33497056
 18.69   0.33102652
 19.70   0.32671445
 20.71   0.32205607
 21.72   0.31708079
 22.73   0.31182193
 23.74   0.30631435
 24.75   0.30059326
 25.76   0.29469359
 26.77   0.28864967
 27.78   0.28249476
 28.79   0.27626065
 29.80   0.26997728
 30.81   0.26367240
 31.82   0.25737138
 32.83   0.25109704
 33.84   0.24486970
 34.85   0.23870716
 35.86   0.23262479
 36.87   0.22663574
 37.88   0.22075103
 38.89   0.21497974
 39.90   0.20932921
 40.91   0.20380521
 41.92   0.19841210
 42.93   0.19315301
 43.94   0.18802998
 44.95   0.18304411
 45.96   0.17819566
 46.97   0.17348424
 47.98   0.16890882
 48.99   0.16446789
 50.00   0.16015952
