-50.00   0.15969853
-48.99   0.16427942
-47.98   0.16901828
-46.97   0.17391891
-45.96   0.17898480
-44.95   0.18421899
-43.94   0.18962399
-42.93   0.19520166
-41.92   0.20095306
-40.91   0.20687828
-39.90   0.21297630
-38.89   0.21924471
-37.88   0.22567957
-36.87   0.23227508
-35.86   0.23902339
-34.85   0.24591423
-33.84   0.25293464
-32.83   0.26006867
-31.82   0.26729703
-30.81   0.27459678
-29.80   0.28194110
-28.79   0.28929903
-27.78   0.29663534
-26.77   0.30391047
-25.76   0.31108069
-24.75   0.31809827
-23.74   0.32491201
-22.73   0.33146783
-21.72   0.33770956
-20.71   0.34358003
-19.70   0.34902244
-18.69   0.35398236
-17.68   0.35841060
-16.67   0.36226643
-15.66   0.36551955
-14.65   0.36814894
-13.64   0.37014331
-12.63   0.37151072
-11.62   0.37227600
-10.61   0.37247121
 -9.60   0.37215294
 -8.59   0.37138020
 -7.58   0.37023360
 -6.57   0.36879483
 -5.56   0.36715852
 -4.55   0.36539858
 -3.54   0.36360382
 -2.53   0.36185087
 -1.52   0.36020284
 -0.51   0.35871030
  0.51   0.35740809
  1.52   0.35631407
  2.53   0.35542857
  3.54   0.35473473
  4.55   0.35419948
  5.56   0.35377586
  6.57   0.35340645
  7.58   0.35302403
  8.59   0.35255721
  9.60   0.35192987
 10.61   0.35106976
 11.62   0.34992449
 12.63   0.34841931
 13.64   0.34652131
 14.65   0.34419153
 15.66   0.34140689
 16.67   0.33816214
 17.68   0.33446124
 18.69   0.33031630
 19.70   0.32574921
 20.71   0.32079087
 21.72   0.31547876
 22.73   0.30985423
 23.74   0.30396059
 24.75   0.29784157
 25.76   0.29154031
 26.77   0.28509847
 27.78   0.27855562
 28.79   0.27194864
 29.80   0.26531142
 30.81   0.25867465
 31.82   0.25206566
 32.83   0.24550854
 33.84   0.23902417
 34.85   0.23263039
 35.86   0.22634227
 36.87   0.22017223
 37.88   0.21413039
 38.89   0.20822472
 39.90   0.20246136
 40.91   0.19684474
 41.92   0.19137790
 42.93   0.18606260
 43.94   0.18089954
 44.95   0.17588850
 45.96   0.17102847
 46.97   0.16631784
 47.98   0.16175442
 48.99   0.15733562
 50.00   0.15305846
