-50.00   0.15257076
-48.99   0.15709952
-47.98   0.16179472
-46.97   0.16666133
-45.96   0.17170407
-44.95   0.17692739
-43.94   0.18233527
-42.93   0.18793117
-41.92   0.19371784
-40.91   0.19969720
-39.90   0.20587009
-38.89   0.21223610
-37.88   0.21879329
-36.87   0.22553792
-35.86   0.23246414
-34.85   0.23956362
-33.84   0.24682521
-32.83   0.25423450
-31.82   0.26177340
-30.81   0.26941975
-29.80   0.27714686
-28.79   0.28492309
-27.78   0.29271158
-26.77   0.30046996
-25.76   0.30815027
-24.75   0.31569901
-23.74   0.32305746
-22.73   0.33016233
-21.72   0.33694660
-20.71   0.34334092
-19.70   0.34927528
-18.69   0.35468133
-17.68   0.35949519
-16.67   0.36366073
-15.66   0.36713272
-14.65   0.36987900
-13.64   0.37188265
-12.63   0.37314671
-11.62   0.37369515
-10.61   0.37356969
 -9.60   0.37283531
 -8.59   0.37157140
 -7.58   0.36987548
 -6.57   0.36785338
 -5.56   0.36561957
 -4.55   0.36328280
 -3.54   0.36095208
 -2.53   0.35872511
 -1.52   0.35668461
 -0.51   0.35489560
  0.51   0.35340253
  1.52   0.35222761
  2.53   0.35137015
  3.54   0.35080702
  4.55   0.35049409
  5.56   0.35036874
  6.57   0.35035390
  7.58   0.35036073
  8.59   0.35029467
  9.60   0.35005923
 10.61   0.34956192
 11.62   0.34872288
 12.63   0.34746501
 13.64   0.34573541
 14.65   0.34349219
 15.66   0.34071179
 16.67   0.33738869
 17.68   0.33353187
 18.69   0.32916310
 19.70   0.32431544
 20.71   0.31903094
 21.72   0.31335788
 22.73   0.30734820
 23.74   0.30105527
 24.75   0.29453219
 25.76   0.28783039
 26.77   0.28099856
 27.78   0.27408195
 28.79   0.26712187
 29.80   0.26015543
 30.81   0.25321545
 31.82   0.24633057
 32.83   0.23952538
 33.84   0.23282069
 34.85   0.22623379
 35.86   0.21977884
 36.87   0.21346709
 37.88   0.20730729
 38.89   0.20130595
 39.90   0.19546763
 40.91   0.18979525
 41.92   0.18429024
 42.93   0.17895288
 43.94   0.17378237
 44.95   0.16877709
 45.96   0.16393474
 46.97   0.15925243
 47.98   0.15472682
 48.99   0.15035424
 50.00   0.14613072
