-50.00   0.14565062
-48.99   0.15010675
-47.98   0.15473590
-46.97   0.15954412
-45.96   0.16453734
-44.95   0.16972128
-43.94   0.17510140
-42.93   0.18068271
-41.92   0.18646967
-40.91   0.19246604
-39.90   0.19867463
-38.89   0.20509714
-37.88   0.21173382
-36.87   0.21858324
-35.86   0.22564189
-34.85   0.23290381
-33.84   0.24036014
-32.83   0.24799865
-31.82   0.25580321
-30.81   0.26375323
-29.80   0.27182309
-28.79   0.27998156
-27.78   0.28819124
-26.77   0.29640814
-25.76   0.30458124
-24.75   0.31265239
-23.74   0.32055637
-22.73   0.32822129
-21.72   0.33556949
-20.71   0.34251890
-19.70   0.34898495
-18.69   0.35488322
-17.68   0.36013262
-16.67   0.36465928
-15.66   0.36840071
-14.65   0.37130998
-13.64   0.37335960
-12.63   0.37454547
-11.62   0.37488953
-10.61   0.37443985
 -9.60   0.37327169
 -8.59   0.37148349
 -7.58   0.36919434
 -6.57   0.36653722
 -5.56   0.36365360
 -4.55   0.36068458
 -3.54   0.35776586
 -2.53   0.35502009
 -1.52   0.35255146
 -0.51   0.35044134
  0.51   0.34874499
  1.52   0.34748957
  2.53   0.34667335
  3.54   0.34626623
  4.55   0.34621141
  5.56   0.34642850
  6.57   0.34681802
  7.58   0.34726627
  8.59   0.34765210
  9.60   0.34785338
 10.61   0.34775367
 11.62   0.34724911
 12.63   0.34625072
 13.64   0.34469152
 14.65   0.34252550
 15.66   0.33972941
 16.67   0.33630152
 17.68   0.33225905
 18.69   0.32763528
 19.70   0.32247628
 20.71   0.31683742
 21.72   0.31077995
 22.73   0.30436801
 23.74   0.29766606
 24.75   0.29073686
 25.76   0.28363992
 26.77   0.27643043
 27.78   0.26915860
 28.79   0.26186928
 29.80   0.25460192
 30.81   0.24739062
 31.82   0.24026444
 32.83   0.23324773
 33.84   0.22636050
 34.85   0.21961889
 35.86   0.21303558
 36.87   0.20662022
 37.88   0.20037980
 38.89   0.19431904
 39.90   0.18844073
 40.91   0.18274601
 41.92   0.17723465
 42.93   0.17190528
 43.94   0.16675562
 44.95   0.16178262
 45.96   0.15698263
 46.97   0.15235156
 47.98   0.14788495
 48.99   0.14357809
 50.00   0.13942610
