-50.00   0.13897823
-48.99   0.14334577
-47.98   0.14789117
-46.97   0.15262145
-45.96   0.15754364
-44.95   0.16266469
-43.94   0.16799137
-42.93   0.17353021
-41.92   0.17928733
-40.91   0.18526828
-39.90   0.19147786
-38.89   0.19791989
-37.88   0.20459693
-36.87   0.21150999
-35.86   0.21865813
-34.85   0.22603806
-33.84   0.23364365
-32.83   0.24146535
-31.82   0.24948962
-30.81   0.25769824
-29.80   0.26606757
-28.79   0.27456783
-27.78   0.28316229
-26.77   0.29180658
-25.76   0.30044801
-24.75   0.30902512
-23.74   0.31746740
-22.73   0.32569549
-21.72   0.33362171
-20.71   0.34115140
-19.70   0.34818485
-18.69   0.35462014
-17.68   0.36035691
-16.67   0.36530094
-15.66   0.36936945
-14.65   0.37249692
-13.64   0.37464076
-12.63   0.37578641
-11.62   0.37595141
-10.61   0.37518755
 -9.60   0.37358078
 -8.59   0.37124860
 -7.58   0.36833492
 -6.57   0.36500285
 -5.56   0.36142601
 -4.55   0.35777932
 -3.54   0.35422957
 -2.53   0.35092741
 -1.52   0.34800039
 -0.51   0.34554770
  0.51   0.34363642
  1.52   0.34229926
  2.53   0.34153367
  3.54   0.34130219
  4.55   0.34153439
  5.56   0.34213026
  6.57   0.34296545
  7.58   0.34389801
  8.59   0.34477653
  9.60   0.34544904
 10.61   0.34577168
 11.62   0.34561669
 12.63   0.34487892
 13.64   0.34347991
 14.65   0.34137010
 15.66   0.33852859
 16.67   0.33496099
 17.68   0.33069601
 18.69   0.32578111
 19.70   0.32027771
 20.71   0.31425661
 21.72   0.30779367
 22.73   0.30096627
 23.74   0.29385030
 24.75   0.28651804
 25.76   0.27903654
 26.77   0.27146668
 27.78   0.26386265
 28.79   0.25627187
 29.80   0.24873508
 30.81   0.24128672
 31.82   0.23395540
 32.83   0.22676442
 33.84   0.21973235
 34.85   0.21287358
 35.86   0.20619886
 36.87   0.19971582
 37.88   0.19342941
 38.89   0.18734235
 39.90   0.18145547
 40.91   0.17576805
 41.92   0.17027811
 42.93   0.16498265
 43.94   0.15987786
 44.95   0.15495930
 45.96   0.15022206
 46.97   0.14566087
 47.98   0.14127023
 48.99   0.13704449
 50.00   0.13297791
