-50.00   0.13257914
-48.99   0.13684604
-47.98   0.14129410
-46.97   0.14593117
-45.96   0.15076525
-44.95   0.15580439
-43.94   0.16105662
-42.93   0.16652984
-41.92   0.17223171
-40.91   0.17816952
-39.90   0.18434998
-38.89   0.19077900
-37.88   0.19746148
-36.87   0.20440090
-35.86   0.21159902
-34.85   0.21905542
-33.84   0.22676696
-32.83   0.23472718
-31.82   0.24292566
-30.81   0.25134720
-29.80   0.25997098
-28.79   0.26876963
-27.78   0.27770826
-26.77   0.28674343
-25.76   0.29582223
-24.75   0.30488137
-23.74   0.31384664
-22.73   0.32263254
-21.72   0.33114258
-20.71   0.33927022
-19.70   0.34690070
-18.69   0.35391395
-17.68   0.36018876
-16.67   0.36560814
-15.66   0.37006584
-14.65   0.37347377
-13.64   0.37576971
-12.63   0.37692448
-11.62   0.37694794
-10.61   0.37589282
 -9.60   0.37385524
 -8.59   0.37097215
 -7.58   0.36741478
 -6.57   0.36337954
 -5.56   0.35907646
 -4.55   0.35471721
 -3.54   0.35050313
 -2.53   0.34661516
 -1.52   0.34320569
 -0.51   0.34039264
  0.51   0.33825560
  1.52   0.33683343
  2.53   0.33612320
  3.54   0.33608039
  4.55   0.33662052
  5.56   0.33762274
  6.57   0.33893569
  7.58   0.34038585
  8.59   0.34178779
  9.60   0.34295573
 10.61   0.34371511
 11.62   0.34391284
 12.63   0.34342584
 13.64   0.34216568
 14.65   0.34008093
 15.66   0.33715590
 16.67   0.33340715
 17.68   0.32887829
 18.69   0.32363394
 19.70   0.31775335
 20.71   0.31132455
 21.72   0.30443912
 22.73   0.29718809
 23.74   0.28965868
 24.75   0.28193206
 25.76   0.27408193
 26.77   0.26617379
 27.78   0.25826469
 28.79   0.25040344
 29.80   0.24263103
 30.81   0.23498128
 31.82   0.22748148
 32.83   0.22015318
 33.84   0.21301287
 34.85   0.20607273
 35.86   0.19934119
 36.87   0.19282357
 37.88   0.18652258
 38.89   0.18043879
 39.90   0.17457099
 40.91   0.16891658
 41.92   0.16347180
 42.93   0.15823207
 43.94   0.15319210
 44.95   0.14834613
 45.96   0.14368806
 46.97   0.13921154
 47.98   0.13491012
 48.99   0.13077728
 50.00   0.12680654
