#DataThief /Users/dcmoore/Desktop/Screen Shot 2017-01-12 at 11.01.39 AM.png Thursday 12-Jan-2017 11:53:54 AM
0.00000038465994, 37326187432.54631805419922
0.00000041536138, 8016619497.55023288726807
0.00000045430678, 1207323150.01154065132141
0.00000050322386, 217107754.03073570132256
0.00000056460819, 27376741.82965536788106
0.00000064153747, 4121997.60643524117767
0.00000071969965, 741180.72076165932231
0.00000082817957, 125598.55580327881034
0.00000100264653, 23948.23169861515998
0.00000124523965, 3396.77234398224209
0.00000154625975, 773.28461168339823
0.00000209870615, 156.31271895644559
0.00000260553023, 60.59435596888952
0.000003234538, 28.04949243175884
0.00000391431795, 16.4523774204126
0.00000473685941, 10.23805156874761
0.00000580528104, 7.17035269939999
0.00000720549483, 5.32737525194626
0.00000871887431, 4.19992859266424
0.00001068499386, 3.31081639152977
0.00001343085779, 2.93715872103258
0.00001688236264, 2.60567193475556
0.00002095296293, 2.31178521650563
0.00002633694952, 2.17582916427673
0.00003310438301, 2.04786868534142
0.00004214182428, 2.04469710069068
0.00005034592691, 1.92507654641195
0.00005938791738, 1.81260198933648
