0.7448915080832299, 0.002972034812853285
0.8785281377486335, 0.0027211940534107573
1.0905054189229886, 0.002434425910404381
1.4730574554911995, 0.002231191246260523
1.9898097061463986, 0.0020505017801902706
2.6878399426410367, 0.0019155002357683006
3.630740937156247, 0.0018488500123049778
5.003722823600234, 0.0017671032586895961
6.624894688181967, 0.0017845188970332143
8.948924363813418, 0.0018139272163896496
12.088229479649314, 0.0018844451624710813
16.328810705289516, 0.001947067087066123
22.056998462682444, 0.002067328555952391
29.79464885493323, 0.00222512124208807
40.24668641522916, 0.0022372778090590634
54.36532497135298, 0.00222512124208807
73.43681735056914, 0.00222512124208807
99.1986370986028, 0.00222512124208807
130.68174018308162, 0.0020911182757448717
163.74151444407232, 0.0017484280650007027
200.08753865611718, 0.0014488140606094264
250.70554275631656, 0.0011801138141471583
322.0998217366312, 0.0009699278383031759
424.3260436669469, 0.0008098732171365028
573.180684237225, 0.0006952843423742383
774.2539061319567, 0.0006235018463392479
1045.8641186737725, 0.0005824515468374661
1412.7558751286942, 0.0005560921995627381
1908.3541801219403, 0.000542623682591606
2577.8096137502516, 0.0005194800363804101
3482.1116928716997, 0.0005014046219988488
4703.645209854738, 0.0004892606346059207
6353.695748898688, 0.00046967074521748374
8582.58815630785, 0.0004545651095735551
11593.381611570463, 0.0004447655664998073
15660.368963727671, 0.0004411454498847403
21154.06568134733, 0.000422329989838749
27178.18166305883, 0.0003396272363220201
32389.107528111934, 0.000277620675158321
37643.92596139986, 0.00022942121295989063
43751.28769934216, 0.0001877908489810092
50849.50962111165, 0.00016012606957026775
59099.34917747331, 0.00013160657103782256
68687.64515579135, 0.00010994913321063407
79831.5491238311, 0.00009135657529323808
92783.44338426218, 0.00007632275643513911
110572.99424435187, 0.00006204933143208111
135117.09803897142, 0.000048756351086997025
161023.36320825608, 0.00003926208361631923
187147.84152067488, 0.00003226925016276977
217510.7629602153, 0.00002652188600695156
259214.52646759542, 0.00002162074135468125
316752.881887674, 0.000017339559204913262
387063.1385957027, 0.000014077630235585192
472980.30050026433, 0.000011336309693129935
577968.6628723163, 0.00000920371586209315
706261.4973796918, 0.000007533626002686259
863031.7432819008, 0.000006191838020852875
1054600.5872832872, 0.0000050476096731526815
1288692.342264137, 0.000004165584710669246
1574745.901942232, 0.000003494337775211326
1784940.5718393563, 0.0000027345400972348237
1876675.0101161893, 0.000002139950406749902
1948556.725349734, 0.000001695302298589038
2048699.9791199723, 0.0000013321135322638549
2181147.321614431, 0.0000010538847578456286
2181147.321614431, 8.709132319738135e-7
2387055.7258979226, 6.468125578214118e-7
2535017.3114370327, 5.0232538586392e-7
2665300.858550921, 4.0395753709201206e-7
2767389.071104152, 3.200215009676583e-7
2946299.2735992, 2.577040867474418e-7
3224440.8626411585, 2.0399043902085138e-7
3600295.0858264235, 1.5653475521367312e-7
3979868.449778067, 1.2605292461474566e-7
4488543.728827064, 1.0101025386946544e-7
5011747.033926476, 8.167371062544586e-8
5942801.101317494, 6.913142160712831e-8
6906962.918541463, 5.712908301841805e-8
8231248.412228854, 4.63187888937562e-8
10313583.817413922, 3.751318080676224e-8
13586850.789532721, 3.259380179762337e-8
18353152.130077608, 3.04478814069303e-8
24791483.937489994, 2.9228754858246367e-8
33488398.693953548, 2.828869434625961e-8
44433744.66613001, 2.6663818771412732e-8
64245602.78157741, 2.6570589974161437e-8
86783121.40199631, 2.81349837047158e-8
117226858.0914187, 3.128875306326452e-8
154431656.11594406, 3.702584047317041e-8
193499667.32234114, 4.5382018970673183e-8
236451166.93072307, 5.6356195244085604e-8
281786411.09299165, 6.913142160712831e-8
327503522.1920347, 8.411238693068882e-8
380637790.98557025, 1.0013352068561927e-7
442392579.34276485, 1.2051233060536825e-7
529862212.5398255, 1.495320895538542e-7
609685429.1076368, 1.9486481806649613e-7
677349736.8217961, 2.4238244328427024e-7
748761638.3599149, 2.9490737179676517e-7
870240949.1429468, 3.6324038546696506e-7
1011429099.4181362, 4.566421637231328e-7
1175523657.1633046, 5.835211427565157e-7
1366240964.7355034, 7.538234688307271e-7
1587900304.9804895, 9.81820430273384e-7
1836295755.597391, 0.0000012601018243590084
1989606201.7497535, 0.0000015265011010436529
2199367207.7045813, 0.0000018472061098192739
2492935372.3436174, 0.0000023668953761127946
2897389948.198081, 0.000003082772469516967
3415301105.4494076, 0.000004152808885863507
3956059387.816073, 0.000005534704723842441
4092560460.106344, 0.0000044946368776981305
4326427466.731444, 0.000003467630686520428
4380974794.65344, 0.0000027233886268419627
4617685276.527081, 0.000002050912223943559
4822670584.875689, 0.0000015265011010436529
4842853974.151915, 0.0000012076720221364952
5091745447.618593, 6.927762769673967e-7
5155941856.956832, 8.998545160332383e-7
5286773033.287119, 5.601570831247366e-7
5353428338.273371, 4.492388465111484e-7
5605102094.144184, 3.5060136177477176e-7
5628560042.496263, 2.7965000720039843e-7
5932679381.767538, 2.0939569173653572e-7
6221970143.225188, 1.558964055730943e-7
6460288383.525751, 1.2865489321759783e-7
6541739296.926378, 1.048799534672136e-7
6964659194.422347, 8.008733459735405e-8
7322597777.403593, 5.822896579709579e-8
7698932095.999473, 4.4282869417467184e-8
8094607572.427354, 3.3953283899640245e-8
8596351607.029907, 2.492965365444831e-8
9053877275.741323, 1.8194823466506326e-8
9783640888.611584, 1.4572356765493915e-8
10538937224.36302, 1.0795830778741176e-8
11541325656.697857, 8.792813735553477e-9
12345202084.461056, 7.2058936818089535e-9
13631856959.02582, 5.707067123106042e-9
15144752166.872559, 4.5471676827148615e-9
16825552005.52678, 3.743401159071092e-9
21508956391.126686, 3.0632956380123453e-9
29054352249.873325, 2.9246635509899065e-9
39246691904.02798, 3.2348285332636162e-9
53014529877.06531, 3.5103045280992327e-9
71612159948.64009, 3.1997702386157573e-9
96733885302.7954, 2.869419789931716e-9
130668374930.81361, 2.9406419469769316e-9
172139165640.76053, 3.338684875779656e-9
215686810090.4433, 4.139266715315986e-9
263563233173.3858, 5.077585369301418e-9
326127478675.45087, 6.279721874632529e-9
376199769989.08594, 7.584561228656199e-9
435048748791.6736, 9.41094810110318e-9
505631187117.4325, 1.186310508445815e-8
587664941218.3695, 1.495420660415706e-8
683007875969.8467, 1.9161393131315337e-8
789850886575.9233, 2.4445436583334625e-8
881919187423.2964, 3.083183836304271e-8
1014779437931.733, 3.926994260825826e-8
1127402021434.7002, 4.864669192925332e-8
1252523721337.5068, 6.026239099117037e-8
1448456169485.636, 7.878891760963594e-8
1683454128988.439, 1.0459462527931427e-7
1946797076685.7158, 1.35563310928088e-7
2173723832091.521, 1.6931076279845596e-7
2501193170536.9717, 2.1145938530965466e-7
2792742637931.587, 2.6583297207778656e-7
3229611730928.3125, 3.3932525722458905e-7
3734820312792.949, 4.326635208538922e-7
4170166485106.2236, 5.474842674970356e-7
4798397928274.918, 6.996039148167262e-7
5357719126179.735, 8.969176273474626e-7
6164854196387.052, 0.0000011498809729464492
6849044061261.832, 0.000001439660512101054
7571127843899.73, 0.0000017732443789758506
8369339767119.649, 0.0000021752161274286
9251705899264.25, 0.0000026465913229431338
10227098484249.797, 0.0000032598332366608335
11305325152506.457, 0.000004015169489417613
12497227537285.184, 0.000004905271260554813
13814790287924.992, 0.000005968256759025355
15271261576213.998, 0.000007351162069994647
16966101723515.422, 0.00000910644866758319
19522028113691.695, 0.000011598715338677244
21688628223231.207, 0.000014427052510771826
23975225676478.22, 0.000017697480203385733
26502895449255.117, 0.000021357310029403075
29297053411399.855, 0.000026091899573879645
32548508575825.414, 0.00003258727888445935
37451909096790.43, 0.00004164172239143965
41817459218509.58, 0.00005338620046998448
48117217956756.484, 0.00006844304790829863
53725960789199.25, 0.00008746009173477104
61819723472960.21, 0.0001124941654176309
68680620243941.266, 0.00014223170838463254
75921508405277.66, 0.00017447381171943233
83925791847243.6, 0.00021141706649036943
92773954115712.6, 0.0002582850021597564
102554964008326.22, 0.0003181322432641713
113367170161045.31, 0.0003934511902311535
125319289949534.52, 0.0004806733117888629
138531502648832.56, 0.0005848365135351368
153136657843111.16, 0.0007174114471945939
169281611236139.5, 0.0008764506114104567
187128701294121.94, 0.001079533061489187
206857381568618.94, 0.0013134707845077341
228666025112681.72, 0.0016046472030147594
254043912705704.62, 0.002004111880307777
286513794516365.8, 0.002505066717256495
323133719575729.6, 0.003167274653668687
360799528418205.7, 0.004047308532054584
415153619374116.25, 0.005222832804425342
461228334151364.1, 0.0064646383480319505
509854901188287.94, 0.007897749965987425
549660543705376.56, 0.009688068548304972
626158626914102.9, 0.012028848857072616
720488802758090.8, 0.015665315786342403
800450326729208.8, 0.01964518981884207
898244566130505.8, 0.023190392196023007
953922231618002.9, 0.029121700281875336
