8.718093725050839e-15, 8.786327413859967e+32
9.718598444038193e-15, 5.1714990014249486e+32
1.0778019769002794e-14, 2.8953116150257448e+32
1.2014925448192818e-14, 1.597678779048274e+32
1.3463251286208429e-14, 9.615943445123284e+31
1.5086163953090227e-14, 5.902227960419219e+31
1.6904708824135326e-14, 3.6227641203964856e+31
1.8942468166021902e-14, 2.151742912241696e+31
2.12258669435619e-14, 1.5129579298915287e+31
2.3784515489588966e-14, 1.0370153484311836e+31
2.6651593481607373e-14, 7.055826605581717e+30
2.9864280204478904e-14, 4.7538972690503107e+30
3.346423667864835e-14, 3.2187118326224594e+30
3.74981459059791e-14, 2.2170262747208052e+30
4.201831823892351e-14, 1.61173674642222e+30
4.70833697232462e-14, 1.1949205227773262e+30
5.2017758368887145e-14, 8.658530523224846e+29
5.664748871584552e-14, 6.960717822383275e+29
6.221471697263405e-14, 5.4512097248251254e+29
6.833367109577154e-14, 4.223688013474418e+29
7.657087755046099e-14, 3.193437264594576e+29
8.58010289046288e-14, 2.3215693225779864e+29
9.61438185978923e-14, 1.721181101539489e+29
1.077333683825531e-13, 1.3077464140840684e+29
1.2071996756851598e-13, 9.74313817576098e+28
1.3527202192355874e-13, 7.36657168458208e+28
1.5157823750161482e-13, 5.528869765690191e+28
1.698500677182123e-13, 4.139444796546669e+28
1.9032445540590193e-13, 3.137428653327662e+28
2.132669054077102e-13, 2.331760691501372e+28
2.3897492755295695e-13, 1.7760130446831878e+28
2.677818946627625e-13, 1.3329599231039602e+28
3.0006136561455176e-13, 1.0202572225867656e+28
3.3623192952555554e-13, 7.789992832907821e+27
3.767626338730362e-13, 5.96251718743791e+27
4.221790669412255e-13, 4.563754033291222e+27
4.730701734700862e-13, 3.4760371102370274e+27
5.30095891888864e-13, 2.693413411751899e+27
5.939957121714818e-13, 2.0921211887849127e+27
6.655982652890993e-13, 1.629055435478988e+27
7.458320686125788e-13, 1.25918421747354e+27
8.357375666075536e-13, 9.804790012838488e+26
9.364806229616878e-13, 7.672161451218881e+26
1.0493676391054605e-12, 5.988691814996239e+26
1.1758624951782075e-12, 4.674618734633752e+26
1.3176055331240869e-12, 3.675835291515834e+26
1.4764348280842968e-12, 2.998775647884989e+26
1.6544100239255873e-12, 2.440431950000177e+26
1.8538390419960953e-12, 1.9860465743017913e+26
2.0773080094584696e-12, 1.565541131249996e+26
2.3277147953006576e-12, 1.2585230693437165e+26
2.608306588907853e-12, 1.086297656731083e+26
2.9227220085016515e-12, 9.492104981486338e+25
3.2750382854941585e-12, 8.233426369435029e+25
3.669824136627757e-12, 6.985730521906163e+25
4.11219900952811e-12, 5.985547388359827e+25
4.607899469946496e-12, 5.333830478582762e+25
5.163353591578666e-12, 4.811722490412104e+25
5.7857643131215865e-12, 4.287813696664257e+25
6.4832028435140515e-12, 3.7743764537137316e+25
7.264713326608228e-12, 3.3305789037853708e+25
8.140430122527724e-12, 2.989858801770842e+25
9.121709226576666e-12, 2.7506395764342047e+25
1.0221275529895177e-11, 2.5243611639953054e+25
1.145338783148674e-11, 2.29971318959765e+25
1.2834023741437466e-11, 2.120908292283854e+25
1.4381086873088123e-11, 1.932164399951638e+25
1.6114639010956236e-11, 1.7991329442853412e+25
1.8626448411353128e-11, 1.5921452567962346e+25
2.0871752938705414e-11, 1.5724136407538628e+25
2.3267034288882726e-11, 1.5019799018971496e+25
2.583072287608848e-11, 1.4614714865803406e+25
2.9143590459065995e-11, 1.454319861876995e+25
3.208937977811832e-11, 1.3964445540580989e+25
3.5243074776668095e-11, 1.3964445540580989e+25
3.883031836269142e-11, 1.3539083259760961e+25
4.3511075944214074e-11, 1.3605661764833674e+25
4.8756070247474055e-11, 1.3114193449719824e+25
5.463331656115341e-11, 1.2890956600656695e+25
6.12190290013339e-11, 1.2890956600656695e+25
6.85986088300373e-11, 1.2890956600656695e+25
7.686775190952403e-11, 1.2425305107165524e+25
8.692364589816876e-11, 1.2185166191612731e+25
9.6516579567039e-11, 1.2351454006830879e+25
1.0815106340853946e-10, 1.2319630571486642e+25
1.2039865743841556e-10, 1.205807747459236e+25
1.3668679431500068e-10, 1.2196463609736597e+25
1.521659242768708e-10, 1.188867241074862e+25
1.6977509181130947e-10, 1.2236314081570686e+25
1.910623658559345e-10, 1.2458395792197958e+25
2.1409376645302797e-10, 1.2458395792197958e+25
2.3990146164423194e-10, 1.2126762216237115e+25
2.688201167765721e-10, 1.2640478119277675e+25
3.012247390594714e-10, 1.2291460587243227e+25
3.3753554052973457e-10, 1.2246322283316551e+25
3.78223387217232e-10, 1.1803956488623797e+25
4.238159051742114e-10, 1.224378875383941e+25
4.749043225491283e-10, 1.2213794885709174e+25
5.321511364306624e-10, 1.2213794885709174e+25
5.962987038829286e-10, 1.2213794885709174e+25
6.681788685774833e-10, 1.2213794885709174e+25
7.48723747856977e-10, 1.1947135012774119e+25
8.389778201134345e-10, 1.188867241074862e+25
9.401114692260982e-10, 1.188867241074862e+25
1.0534361616984742e-9, 1.1859548478630813e+25
1.1804214533065362e-9, 1.1572204463288427e+25
1.3227140457944025e-9, 1.1572204463288427e+25
1.4821591407382369e-9, 1.1572204463288427e+25
1.6608243674879448e-9, 1.1459225765694337e+25
1.8610265954760116e-9, 1.1264160666003338e+25
2.0853619785863203e-9, 1.1264160666003338e+25
2.336739621188033e-9, 1.1154189380448032e+25
2.618419302404073e-9, 1.0883935452126693e+25
2.9340537478097277e-9, 1.0672454511810976e+25
3.287735996726112e-9, 1.0672454511810976e+25
3.684052479351366e-9, 1.0672454511810976e+25
4.1281424920157894e-9, 1.0672454511810976e+25
4.578149991936427e-9, 1.064050878043215e+25
5.067976653892742e-9, 1.093610217725249e+25
5.7651982929008185e-9, 1.093610217725249e+25
6.508338988617958e-9, 1.038836141402653e+25
7.292879480394176e-9, 1.0261740365374633e+25
8.17199153402559e-9, 1.033752657886346e+25
9.157075173354732e-9, 1.038836141402653e+25
1.0260904625431421e-8, 1.038836141402653e+25
1.1497793972311345e-8, 1.038836141402653e+25
1.288378277116686e-8, 1.038836141402653e+25
1.4436844049767468e-8, 1.038836141402653e+25
1.6177117374544954e-8, 1.038836141402653e+25
1.8127170013588905e-8, 1.038836141402653e+25
2.0312289581245605e-8, 1.038836141402653e+25
2.2760811959234912e-8, 1.038836141402653e+25
2.5504488746653863e-8, 1.038836141402653e+25
2.857889900383221e-8, 1.0357830593687375e+25
3.300882809423511e-8, 1.0257494889579803e+25
3.7349246691270263e-8, 1.0062349022850534e+25
4.234476985071407e-8, 1.038836141402653e+25
4.7449173081850265e-8, 1.038836141402653e+25
5.316888092883113e-8, 1.038836141402653e+25
5.957806460289081e-8, 1.038836141402653e+25
6.675983620150765e-8, 1.038836141402653e+25
7.480732647760227e-8, 1.038836141402653e+25
8.382489252722575e-8, 1.038836141402653e+25
9.39294710566188e-8, 1.038836141402653e+25
1.0525209477734297e-7, 1.038836141402653e+25
1.1793959159358184e-7, 1.038836141402653e+25
1.3215648861608362e-7, 1.038836141402653e+25
1.4808714569335075e-7, 1.038836141402653e+25
1.6593814612697642e-7, 1.038836141402653e+25
1.859409755731016e-7, 1.038836141402653e+25
2.0835502386907822e-7, 1.038836141402653e+25
2.2633527578793012e-7, 1.038836141402653e+25
