3.019949037976309980e-01,6.942138058640276443e-02
3.049512132996403668e-01,6.412962242527578405e-02
3.079364629121011387e-01,5.806587243963760858e-02
3.109509359375540738e-01,5.265356879104692717e-02
3.139949184518646130e-01,5.012788509928568781e-02
3.170686993313722724e-01,4.769797139382615098e-02
3.201725702803046025e-01,4.449276471940531719e-02
3.233068258584607113e-01,4.177014596215149200e-02
3.264717635091646808e-01,3.867909699374346560e-02
3.296676835874937650e-01,3.598347936627020044e-02
3.328948893887817562e-01,3.314913139602816000e-02
3.361536871774024049e-01,3.098620276562739570e-02
3.394443862158337266e-01,2.851176415636063471e-02
3.427672987940078020e-01,2.638011625128704879e-02
3.461227402589467372e-01,2.412685240233676531e-02
3.495110290446897250e-01,2.266778184132747093e-02
3.529324867025125934e-01,2.117821366970908462e-02
3.563874379314433405e-01,1.956690120330261892e-02
3.598762106090760415e-01,1.805939117123259510e-02
3.633991358226871804e-01,1.687869552211415311e-02
3.669565479006555719e-01,1.597842183821451129e-02
3.705487844441908707e-01,1.510583247225203221e-02
3.741761863593717208e-01,1.434820607734001163e-02
3.778390978894983765e-01,1.360402353553046353e-02
3.815378666477615699e-01,1.283127969698253518e-02
3.852728436502311227e-01,1.213755891261464673e-02
3.890443833491679104e-01,1.156870779436006483e-02
3.928528436666612889e-01,1.098219047701844836e-02
3.966985860285967003e-01,1.031584527128040496e-02
4.005819753989547372e-01,9.820597006655617384e-03
4.045033803144469919e-01,9.301026292442509877e-03
4.084631729194898586e-01,8.776560015431707218e-03
4.124617290015222260e-01,8.240422630313670033e-03
4.164994280266670623e-01,7.827559403524860654e-03
4.205766531757438309e-01,7.445369243623259012e-03
4.246937913806319576e-01,7.093706964726786274e-03
4.288512333609916238e-01,6.714828101706098347e-03
4.330493736613428291e-01,6.256266538166121820e-03
4.372886106885085500e-01,5.893307077378412244e-03
4.415693467494229973e-01,5.581908174961538321e-03
4.458919880893118526e-01,5.287451024885661544e-03
4.502569449302445403e-01,5.021307863105861115e-03
4.546646315100649760e-01,4.762580333715914910e-03
4.591154661217030086e-01,4.533907579258608309e-03
4.636098711528706673e-01,4.357068351203466014e-03
4.681482731261469854e-01,4.125428054543233206e-03
4.727311027394557330e-01,3.989699132310250626e-03
4.773587949069385550e-01,3.857859049662195304e-03
4.820317888002288442e-01,3.710822256025526206e-03
4.867505278901296806e-01,3.561574530950468564e-03
4.915154599886988329e-01,3.405383747098708960e-03
4.963270372917477635e-01,3.250302956031793714e-03
5.011857164217538019e-01,3.116548513624981323e-03
5.060919584711954800e-01,3.007811823239698191e-03
5.110462290463092527e-01,2.899926525547716610e-03
5.160489983112769297e-01,2.777381508579884577e-03
5.211007410328439837e-01,2.648394332424311264e-03
5.262019366253758434e-01,2.508757148749258484e-03
5.313530691963537222e-01,2.413335458568669975e-03
5.365546275923182007e-01,2.321859507197854364e-03
5.418071054452596735e-01,2.227232035480369507e-03
5.471110012194657646e-01,2.137117078228072901e-03
5.524668182588248211e-01,2.069184662411464610e-03
5.578750648345945917e-01,2.005264818599205440e-03
5.633362541936368650e-01,1.942797588164836293e-03
5.688509046071252850e-01,1.878778991699055993e-03
5.744195394197298965e-01,1.815495329880312605e-03
5.800426870992826389e-01,1.755290029115461840e-03
5.857208812869294512e-01,1.697164493602145840e-03
5.914546608477732059e-01,1.642229227879385325e-03
5.972445699220128024e-01,1.593870119530508157e-03
6.030911579765817487e-01,1.547427658912513618e-03
6.089949798572938944e-01,1.502049661319151659e-03
6.149565958414979772e-01,1.458537170568037110e-03
6.209765716912487576e-01,1.417092739080294799e-03
6.270554787069985148e-01,1.375107681926233342e-03
6.331938937818130109e-01,1.332545023438934688e-03
6.393923994561202528e-01,1.291300048051415277e-03
6.456515839729932704e-01,1.251331953631192300e-03
6.519720413339752385e-01,1.215724769033246864e-03
6.583543713554501631e-01,1.183655633301271704e-03
6.647991797255667912e-01,1.153366774736986440e-03
6.713070780617179656e-01,1.124692796118882459e-03
6.778786839685840837e-01,1.096930803431512809e-03
6.845146210967445466e-01,1.071779456412110063e-03
6.912155192018619720e-01,1.047608230050092694e-03
6.979820142044469433e-01,1.025198218412799300e-03
7.048147482502074013e-01,1.003718783195615147e-03
7.117143697709887862e-01,9.829847153941869298e-04
7.186815335463103693e-01,9.626798097216685435e-04
7.257169007655048798e-01,9.431964008602942724e-04
7.328211390904652012e-01,9.242147703403726794e-04
7.399949227190069090e-01,9.057245813121207311e-04
7.472389324488494244e-01,8.862237198072118842e-04
7.545538557422245551e-01,8.649165501621453034e-04
7.619403867911171968e-01,8.452791226384241512e-04
7.693992265831446353e-01,8.274390241084349923e-04
7.769310829680811104e-01,8.099754673103027550e-04
7.845366707250324145e-01,7.928805044283259709e-04
7.922167116302704093e-01,7.779640888141851939e-04
7.999719345257289005e-01,7.641594055214454570e-04
8.078030753881721981e-01,7.506000351413222825e-04
8.157108773990390249e-01,7.372816120358998294e-04
8.236960910149718762e-01,7.254500141308576049e-04
8.317594740390354957e-01,7.143432186002523620e-04
8.399017916926329042e-01,7.034101930626338213e-04
8.481238166881259755e-01,6.926481662781840652e-04
8.564263293021656676e-01,6.826905344646638351e-04
8.648101174497418997e-01,6.734650496319778256e-04
8.732759767589564071e-01,6.643265501244488384e-04
8.818247106465290086e-01,6.553120545509151258e-04
8.904571303940420623e-01,6.464198802498166870e-04
8.991740552249324336e-01,6.377393840349990196e-04
9.079763123822355286e-01,6.292637209081213077e-04
9.168647372070921620e-01,6.209007797534597936e-04
9.258401732180223664e-01,6.126490603875895096e-04
9.349034721909764700e-01,6.045053731991343292e-04
9.440554942401691019e-01,5.964604219521481808e-04
9.532971078997048986e-01,5.897040294198651212e-04
9.626291902060025718e-01,5.833450354314220982e-04
9.720526267810271071e-01,5.770564828562337826e-04
9.815683119163350900e-01,5.710483594101082271e-04
9.911771486579449286e-01,5.655662093520438241e-04
1.000880048892034857e+00,5.601367656024648124e-04
1.010677933431483710e+00,5.547595206869977962e-04
1.020571732103254803e+00,5.494339720246607358e-04
1.030562383836639340e+00,5.441596218806045264e-04
1.040650836752358810e+00,5.396412322834739147e-04
1.050838048252545676e+00,5.351668103926810263e-04
1.061124985111598695e+00,5.307302752539789885e-04
1.071512623567931977e+00,5.263313000303825907e-04
1.082001949416621089e+00,5.222448545957978239e-04
1.092593958102954677e+00,5.186784588964346967e-04
1.103289654816904219e+00,5.150873869911904053e-04
1.114090054588515954e+00,5.115211923723849731e-04
1.124996182384239596e+00,5.079797026005388209e-04
1.136009073204196529e+00,5.044627464321608818e-04
1.147129772180405016e+00,5.009701538114468651e-04
1.158359334675960417e+00,4.975947813180952575e-04
1.169698826385193291e+00,4.943831847329230094e-04
1.181149323434802278e+00,4.911923943523894978e-04
1.192711912485981074e+00,4.880222748953555673e-04
1.204387690837541713e+00,4.848726919633372309e-04
1.216177766530051274e+00,4.817435120347267645e-04
1.228083258450983095e+00,4.789919526062988648e-04
1.240105296440902949e+00,4.774230468230545883e-04
1.252245021400689273e+00,4.762175338720681605e-04
1.264503585399807450e+00,4.750151308060665718e-04
1.276882151785640795e+00,4.738158294308263108e-04
1.289381895293894464e+00,4.726196215741505172e-04
1.302004002160077167e+00,4.714490473078190988e-04
1.314749670232076673e+00,4.702867910900679002e-04
1.327620109083837541e+00,4.691274428019255073e-04
1.340616540130148415e+00,4.679709950596577794e-04
1.353740196742557966e+00,4.668174404985514394e-04
1.366992324366419487e+00,4.656713502142492776e-04
1.380374180639088344e+00,4.648260559326944548e-04
1.393887035509269401e+00,4.639824024701106686e-04
1.407532171357539053e+00,4.631403864802255497e-04
1.421310883118041213e+00,4.623000046238200599e-04
1.435224478401380566e+00,4.617464196937748171e-04
1.449274277618713080e+00,4.620021715664531957e-04
1.463461614107057107e+00,4.624920201338725452e-04
1.477787834255824162e+00,4.629825529458920564e-04
1.492254297634596716e+00,4.634737710418530311e-04
1.506862377122148766e+00,4.639656754627083293e-04
1.521613459036735838e+00,4.644582672510226941e-04
1.536508943267655081e+00,4.651440210213081926e-04
1.551550243408098995e+00,4.660786207378942239e-04
1.566738786889302570e+00,4.670152345127109405e-04
1.582076015116012480e+00,4.679538669670807102e-04
1.597563383603272769e+00,4.688945227334690054e-04
1.613202362114557253e+00,4.698372064555145981e-04
1.628994434801251057e+00,4.707453968342981219e-04
1.644941100343495943e+00,4.716360244228271457e-04
1.661043872092419216e+00,4.730918236932826087e-04
1.677304278213748390e+00,4.746820533931821076e-04
1.693723861832838740e+00,4.762779525363834221e-04
1.710304181181113936e+00,4.778795422613567583e-04
1.727046809743946643e+00,4.796346735539234064e-04
1.743953336409980404e+00,4.814187512922795320e-04
1.761025365621919248e+00,4.832095417912778720e-04
1.778264517528787891e+00,4.850070705786367663e-04
1.795672428139688082e+00,4.868113632800960804e-04
1.813250749479053514e+00,4.886667908702559083e-04
1.831001149743432643e+00,4.910067227927273573e-04
1.848925313459797160e+00,4.933582431044089469e-04
1.867024941645409664e+00,4.957214110982981637e-04
1.885301751969246764e+00,4.980962863798843888e-04
1.903757478915012014e+00,5.007336040748903202e-04
1.922393873945734688e+00,5.038742819346017166e-04
1.941212705669990601e+00,5.071183023008007983e-04
1.960215760009738961e+00,5.103832081706137719e-04
1.979404840369812346e+00,5.136691340081351188e-04
1.998781767809058030e+00,5.169762151431601688e-04
2.018348381213159293e+00,5.203045877767581168e-04
2.038106537469147383e+00,5.236216357782975690e-04
2.058058111641620780e+00,5.269302167754787505e-04
2.078204997150691291e+00,5.302597142901659079e-04
2.098549105951669436e+00,5.336102606218613405e-04
2.119092368716512631e+00,5.369819889072995414e-04
2.139836735017044855e+00,5.403750331257477528e-04
2.160784173509976647e+00,5.440790924864949635e-04
2.181936672123726328e+00,5.479073979569502005e-04
2.203296238247082872e+00,5.526220455100880032e-04
2.224864898919701961e+00,5.574628670926979864e-04
2.246644701024478774e+00,5.623463787721947335e-04
2.268637711481795272e+00,5.672729594341746444e-04
2.290846017445675731e+00,5.724733505868986969e-04
2.313271726501856307e+00,5.777285306387701293e-04
2.335916966867799260e+00,5.830319787555358424e-04
2.358783887594658957e+00,5.883841385148399616e-04
2.381874658771233833e+00,5.937854575729586840e-04
2.405191471729902997e+00,5.992779034152482653e-04
2.428736539254591431e+00,6.049942081964018248e-04
2.452512095790761570e+00,6.107650667696815647e-04
2.476520397657463235e+00,6.165910000400583353e-04
2.500763723261464122e+00,6.224725338889275329e-04
2.525244373313467072e+00,6.286908670591511480e-04
2.549964671046454967e+00,6.352453014642777968e-04
2.574926962436161038e+00,6.418103316534866116e-04
2.600133616423710770e+00,6.484435819800021253e-04
2.625587025140429631e+00,6.551457650759027942e-04
2.651289604134864142e+00,6.619176010545003725e-04
2.677243792602013617e+00,6.688200413682418230e-04
2.703452053614818329e+00,6.762122590127382692e-04
2.729916874357898759e+00,6.836861865340904468e-04
2.756640766363600115e+00,6.912427271840627550e-04
2.783626265750331452e+00,6.988827942001012540e-04
2.810875933463251375e+00,7.066073109157339606e-04
2.838392355517298071e+00,7.146636196823585255e-04
2.866178143242609000e+00,7.228624759144600814e-04
2.894235933532333771e+00,7.315459714150802147e-04
2.922568389092882857e+00,7.403337955796159952e-04
2.951178198696614352e+00,7.492272020778805667e-04
2.980068077437006302e+00,7.581964495515219199e-04
3.009240766986315929e+00,7.672469809714651569e-04
3.038699035855769726e+00,7.764055507240906571e-04
3.068445679658298175e+00,7.856734485226026009e-04
3.098483521373840865e+00,7.950519794766321407e-04
3.128815411617244191e+00,8.045424642760388339e-04
3.159444228908795615e+00,8.141462393769164762e-04
3.190372879947392715e+00,8.238646571898083221e-04
3.221604299886393186e+00,8.336990862701786379e-04
3.253141452612156925e+00,8.439868919860808293e-04
3.284987331025331692e+00,8.552273949286749027e-04
3.317144957324874355e+00,8.666560702804524015e-04
3.349617383294862805e+00,8.782374868162670135e-04
3.382407690594107841e+00,8.899736860979471850e-04
3.415518991048613007e+00,9.019952605079037140e-04
3.448954426946884588e+00,9.142659696210341143e-04
3.482717171338138407e+00,9.267037735752004998e-04
3.516810428333420280e+00,9.393109500264627213e-04
3.551237433409686783e+00,9.520910505746742929e-04
3.586001453716848530e+00,9.650485390389254006e-04
3.621105788387830149e+00,9.781825510960407300e-04
3.656553768851651398e+00,9.918112759229641591e-04
3.692348759149593374e+00,1.005643030708250688e-03
3.728494156254445357e+00,1.019667705843172682e-03
3.764993390392871841e+00,1.033887992438119793e-03
3.801849925370956562e+00,1.048306619147252716e-03
3.839067258902913338e+00,1.062926352692339371e-03
3.876648922943024544e+00,1.077749998393907286e-03
3.914598484020818336e+00,1.092553264185491422e-03
3.952919543579548556e+00,1.107441763499140888e-03
3.991615738317965789e+00,1.122533209529774818e-03
4.030690740535445293e+00,1.138162578826371236e-03
4.070148258480486447e+00,1.154985708197595919e-03
4.109992036702637463e+00,1.172942974518228001e-03
4.150225856407849356e+00,1.191179736282162302e-03
4.190853535817320008e+00,1.209700348450866002e-03
4.231878930529835436e+00,1.228347498919794226e-03
4.273305933887686869e+00,1.247111521147947029e-03
4.315138477346137869e+00,1.266162221438840068e-03
4.357380530846529432e+00,1.285503980326591945e-03
4.400036103193022186e+00,1.305027977007501647e-03
4.443109242433048500e+00,1.324584329601895868e-03
4.486604036241464755e+00,1.344373987638916232e-03
4.530524612308479249e+00,1.364459355535373652e-03
4.574875138731369084e+00,1.384546537007077648e-03
4.619659824410041082e+00,1.404854576056491656e-03
4.664882919446461607e+00,1.425460512817333875e-03
4.710548715547981047e+00,1.446368717526156939e-03
4.756661546434637344e+00,1.468715918626848629e-03
4.803225788250420791e+00,1.491461665216383195e-03
4.850245859978575602e+00,1.514560713568483246e-03
4.897726223860956019e+00,1.538408615897702636e-03
4.945671385821514221e+00,1.564125176309166462e-03
4.994085895893900506e+00,1.590271953603484244e-03
5.042974348653276095e+00,1.616856150414580379e-03
5.092341383652328801e+00,1.643765800034083626e-03
5.142191685861583039e+00,1.670795726267025995e-03
5.192529986114003293e+00,1.698271156553041693e-03
5.243361061553954094e+00,1.726199450185506804e-03
5.294689736090544940e+00,1.754402298782278390e-03
5.346520880855440971e+00,1.780486135533071706e-03
5.398859414665124312e+00,1.806957885659327221e-03
5.451710304487699332e+00,1.833823319743795076e-03
5.505078565914254263e+00,1.861668889349787958e-03
5.558969263634855551e+00,1.890363642042266080e-03
5.613387511919187389e+00,1.919502196011164345e-03
5.668338475101888818e+00,1.949091439000060280e-03
5.723827368072672783e+00,1.978232515861963730e-03
5.779859456771207604e+00,2.007482802789063193e-03
5.836440058686868326e+00,2.038306307151815846e-03
5.893574543363358842e+00,2.071191793740590186e-03
5.951268332908300707e+00,2.105944118261266450e-03
6.009526902507785096e+00,2.142167412740357893e-03
6.068355780945981159e+00,2.179013953652506400e-03
6.127760551129803446e+00,2.216521839546977887e-03
6.187746850618759176e+00,2.255198376674775497e-03
6.248320372159939851e+00,2.294550574988159751e-03
6.309486864228276204e+00,2.334590251851156786e-03
6.371252131572060939e+00,2.375775538382020498e-03
6.433622035763839619e+00,2.418580684267572327e-03
6.496602495756669704e+00,2.462157520226602222e-03
6.560199488445837446e+00,2.506519966396983726e-03
6.624419049236059287e+00,2.551430084353757417e-03
6.689267272614264570e+00,2.596702546113673592e-03
6.754750312727952455e+00,2.642779815694173279e-03
6.820874383969235843e+00,2.689676226221994048e-03
6.887645761564576752e+00,2.735882364964035800e-03
6.955070782170330368e+00,2.781793434956616150e-03
7.023155844474087139e+00,2.828475669413446116e-03
7.091907409801905260e+00,2.875942033571492196e-03
7.161332002731517044e+00,2.925005115205076868e-03
7.231436211711499418e+00,2.975288033591336288e-03
7.302226689686531991e+00,3.026435352831808971e-03
7.373710154728751576e+00,3.078461932651203881e-03
7.445893390675324852e+00,3.132086076100396455e-03
7.518783247772227618e+00,3.188162780739572412e-03
7.592386643324338102e+00,3.245292421651976671e-03
7.666710562351890523e+00,3.303445804018037817e-03
7.741762058253371492e+00,3.363539162266063892e-03
7.817548253474886799e+00,3.424730213520388398e-03
7.894076340186086505e+00,3.487034694479766196e-03
7.971353580962698082e+00,3.550472868974238316e-03
8.049387309475770635e+00,3.615065369696315867e-03
8.128184931187636408e+00,3.681334761644933402e-03
8.207753924054689065e+00,3.748944889634492524e-03
8.288101839237050683e+00,3.817369430845053355e-03
8.369236301815188739e+00,3.886085793130180516e-03
8.451165011513545267e+00,3.956039530843252772e-03
8.533895743431221703e+00,4.027252932803046005e-03
8.617436348779875743e+00,4.101940583085769004e-03
8.701794755628787570e+00,4.178130188355032477e-03
8.786978969657248228e+00,4.255537600116457604e-03
8.872997074914286131e+00,4.333398885351886012e-03
8.959857234585880903e+00,4.412070621452495942e-03
9.047567691769632603e+00,4.492170622722011300e-03
9.136136770257051509e+00,4.573724818950497192e-03
9.225572875323470257e+00,4.654828966156883407e-03
9.315884494525741744e+00,4.736711071199943730e-03
9.407080198507696167e+00,4.820035641952618091e-03
9.499168641813513503e+00,4.906200333299536726e-03
9.592158563709018537e+00,4.996940584463238286e-03
9.686058789011083192e+00,5.089362246561922841e-03
9.780878228925086404e+00,5.183496533578146187e-03
9.876625881890598535e+00,5.279375239999058167e-03
9.973310834435329397e+00,5.382332688115651353e-03
1.007094226203747134e+01,5.491185501170868684e-03
1.016952942999643561e+01,5.602248572544286931e-03
1.026908169431216145e+01,5.704627655808579625e-03
1.036960850257296762e+01,5.805331313226624705e-03
1.047111939485218279e+01,5.907822885233228807e-03
1.057362400461348173e+01,6.011075824952955178e-03
1.067713205962509804e+01,6.114075578628747412e-03
1.078165338288302344e+01,6.218843279688822390e-03
1.088719789354319900e+01,6.325409327110661194e-03
1.099377560786286701e+01,6.429683033725781122e-03
1.110139664015108885e+01,6.536739459526240588e-03
1.121007120372864385e+01,6.652372954626926266e-03
1.131980961189725399e+01,6.783264615458677732e-03
1.143062227891833338e+01,6.918971113138314144e-03
1.154251972100129819e+01,7.057411403624731273e-03
1.165551255730158431e+01,7.190350884578262936e-03
1.176961151092839764e+01,7.322831503172958292e-03
1.188482740996235520e+01,7.457753399248102585e-03
1.200117118848305964e+01,7.595161565724579608e-03
1.211865388760677575e+01,7.736059642594040470e-03
1.223728665653423420e+01,7.879588721837551407e-03
1.235708075360869529e+01,8.025781568593803178e-03
1.247804754738436195e+01,8.174437720373945934e-03
1.260019851770529264e+01,8.321602542231692698e-03
1.272354525679482862e+01,8.471424712506784443e-03
1.284809947035571831e+01,8.623952354437063733e-03
1.297387297868096567e+01,8.780696672618626755e-03
1.310087771777563148e+01,8.944835183725676972e-03
1.322912574048954326e+01,9.112046208432375907e-03
1.335862921766110922e+01,9.282387339563153220e-03
1.348940043927236765e+01,9.455670139579758562e-03
1.362145181561530372e+01,9.632148922494863583e-03
1.375479587846959895e+01,9.811926554580250107e-03
1.388944528229188080e+01,9.995233558626352710e-03
1.402541280541668733e+01,1.019915393783484697e-02
1.416271135126910963e+01,1.040702049649653432e-02
1.430135394958935002e+01,1.061703948687778461e-02
1.444135375766922813e+01,1.081708650677076083e-02
1.458272406160086199e+01,1.102090448767683792e-02
1.472547827753749949e+01,1.122856454465773202e-02
1.486962995296673107e+01,1.143520757064522830e-02
1.501519276799613856e+01,1.164489366543581053e-02
1.516218053665158116e+01,1.185947386581094089e-02
1.531060720818813436e+01,1.207802507627208505e-02
1.546048686841390030e+01,1.231038770347086218e-02
1.561183374102672516e+01,1.256950680229504749e-02
1.576466218896409544e+01,1.283412686683916594e-02
1.591898671576615953e+01,1.310174948757070017e-02
1.607482196695210774e+01,1.334770645290898894e-02
1.623218273141008439e+01,1.359462293681283282e-02
1.639108394280064473e+01,1.384478021540472628e-02
1.655154068097397513e+01,1.410234899250934967e-02
1.671356817340095802e+01,1.437342446745593430e-02
1.687718179661830931e+01,1.464971419420094817e-02
1.704239707768780576e+01,1.493131854162554895e-02
1.720922969566982630e+01,1.521627673699044170e-02
1.737769548311126755e+01,1.550361011223692909e-02
1.754781042754812148e+01,1.580269945470821891e-02
1.771959067302266533e+01,1.611180469647927396e-02
1.789305252161557647e+01,1.641574734951731923e-02
1.806821243499296159e+01,1.672545386356670549e-02
1.824508703596863413e+01,1.704103409236023409e-02
1.842369311008161148e+01,1.739410231516133609e-02
1.860404760718908435e+01,1.776943295434531278e-02
1.878616764307492915e+01,1.813516077015508987e-02
1.897007050107407977e+01,1.846517243542813991e-02
1.915577363371267694e+01,1.880122914914347104e-02
1.934329466436436107e+01,1.914344233894606229e-02
1.953265138892268737e+01,1.949192549854351919e-02
1.972386177749005043e+01,1.990354350677715767e-02
1.991694397608300804e+01,2.032622475734651921e-02
2.011191630835434552e+01,2.075373576273729231e-02
2.030879727733204376e+01,2.113908875886035682e-02
2.050760556717520799e+01,2.152956067472767965e-02
2.070836004494722005e+01,2.192725070397949505e-02
2.091107976240620303e+01,2.233218248925194702e-02
2.111578395781309681e+01,2.274455516127555504e-02
2.132249205775735845e+01,2.316454844553656953e-02
2.153122367900057910e+01,2.359883893689594322e-02
2.174199863033807745e+01,2.408974414242144244e-02
2.195483691447883956e+01,2.459587053489103309e-02
2.216975872994375507e+01,2.504334922533706445e-02
2.238678447298248386e+01,2.549630561458216677e-02
2.260593473950904198e+01,2.595750281052424530e-02
2.282723032705643007e+01,2.644841401839392869e-02
2.305069223675029022e+01,2.697002779820914520e-02
2.327634167530196052e+01,2.750193758152308030e-02
2.350420005702095239e+01,2.801919502960748681e-02
2.373428900584726264e+01,2.851183917712910715e-02
2.396663035740346004e+01,2.900404953404182168e-02
2.420124616106687654e+01,2.950475730431985008e-02
2.443815868206217345e+01,3.001410918900780656e-02
2.467739040357428593e+01,3.057649893225099225e-02
2.491896402888212236e+01,3.115357165338766832e-02
2.516290248351306147e+01,3.174163957694864369e-02
2.540922891741869094e+01,3.236652531721927184e-02
2.565796670717169903e+01,3.301954226096266015e-02
2.590913945818435948e+01,3.368574478165577840e-02
2.616277100694864544e+01,3.433130692420090224e-02
2.641888542329841982e+01,3.497287262559967136e-02
2.667750701269361713e+01,3.562647743394910249e-02
2.693866031852688536e+01,3.629838552617854069e-02
2.720237012445271674e+01,3.705722736340667789e-02
2.746866145673951110e+01,3.780626995058316425e-02
2.773755958664455790e+01,3.853899318643042027e-02
2.800909003281228848e+01,3.924596697381116384e-02
2.828327856369599047e+01,3.996591066083558796e-02
2.856015120000332885e+01,4.069906220543316466e-02
2.883973421716567387e+01,4.143881333008382628e-02
2.912205414783167967e+01,4.218730135948940696e-02
2.940713778438522041e+01,4.296478703663671184e-02
2.969501218148807098e+01,4.379295945939853246e-02
2.998570465864737855e+01,4.462399251152655844e-02
3.027924280280825897e+01,4.547098038293425487e-02
3.057565447097196554e+01,4.633423271595929482e-02
3.087496779283936377e+01,4.731951313899485090e-02
3.117721117348052218e+01,4.835706773395984093e-02
3.148241329603051497e+01,4.937276062335532734e-02
3.179060312441123770e+01,5.034137779689343284e-02
3.210180990608023421e+01,5.132900587339418730e-02
3.241606317480639632e+01,5.233722572125724948e-02
3.273339275347248645e+01,5.337493557624056750e-02
3.305382875690566635e+01,5.443322175785876571e-02
3.337740159473512591e+01,5.551249229069375735e-02
3.370414197427813008e+01,5.654801790410081408e-02
3.403408090345425308e+01,5.754533961815933019e-02
3.436724969372782823e+01,5.855549942213529591e-02
3.470367996307956560e+01,5.961195571304605395e-02
3.504340363900721655e+01,6.075745525926630475e-02
3.538645296155526410e+01,6.192498634967036342e-02
3.573286048637481827e+01,6.311496892991415308e-02
3.608265908781293518e+01,6.432769640672846012e-02
3.643588196203249652e+01,6.557409517135956434e-02
3.679256263016269202e+01,6.688677285010785623e-02
3.715273494147996303e+01,6.821544202598324447e-02
3.751643307662043725e+01,6.957050985221654993e-02
3.788369155082381923e+01,7.095250093608362896e-02
3.825454521720868684e+01,7.240278295873442405e-02
3.862902927008018139e+01,7.393468417226420342e-02
3.900717924827011984e+01,7.549911536601514039e-02
