#DataThief /Users/charlesblakemore/Stanford/beads/gravity/limitplot_forthief.png Wednesday 14-Sep-2016 5:13:41 PM
1.3022e-8, 1.0055e18
1.3091e-8, 9.739e17
1.316e-8, 9.4326e17
1.323e-8, 9.1359e17
1.33e-8, 8.8485e17
1.33e-8, 8.5692e17
1.337e-8, 8.2996e17
1.3441e-8, 8.0385e17
1.3512e-8, 7.7856e17
1.3583e-8, 7.5407e17
1.3655e-8, 7.3035e17
1.3655e-8, 7.073e17
1.3727e-8, 6.8505e17
1.38e-8, 6.6349e17
1.3873e-8, 6.4262e17
1.3946e-8, 6.2241e17
1.3946e-8, 6.0276e17
1.3946e-8, 5.8373e17
1.3946e-8, 5.6531e17
1.4019e-8, 5.4752e17
1.4093e-8, 5.303e17
1.4168e-8, 5.1362e17
1.4168e-8, 4.974e17
1.4243e-8, 4.8176e17
1.4318e-8, 4.666e17
1.4394e-8, 4.5192e17
1.447e-8, 4.3771e17
1.4546e-8, 4.2394e17
1.4623e-8, 4.106e17
1.4701e-8, 3.9768e17
1.4778e-8, 3.8517e17
1.4856e-8, 3.7306e17
1.4935e-8, 3.6132e17
1.5014e-8, 3.4995e17
1.5093e-8, 3.3894e17
1.5173e-8, 3.2828e17
1.5253e-8, 3.1795e17
1.5334e-8, 3.0795e17
1.5415e-8, 2.9826e17
1.5497e-8, 2.8888e17
1.5579e-8, 2.8891e17
1.5661e-8, 2.8895e17
1.5661e-8, 2.7982e17
1.5744e-8, 2.7986e17
1.5827e-8, 2.7105e17
1.5911e-8, 2.6252e17
1.5995e-8, 2.5427e17
1.608e-8, 2.4627e17
1.6165e-8, 2.3852e17
1.625e-8, 2.3102e17
1.6336e-8, 2.2375e17
1.6336e-8, 2.1669e17
1.6336e-8, 2.0985e17
1.6422e-8, 2.0987e17
1.6422e-8, 2.0325e17
1.6509e-8, 2.0327e17
1.6509e-8, 1.9685e17
1.6596e-8, 1.9687e17
1.6596e-8, 1.9066e17
1.6684e-8, 1.9068e17
1.6684e-8, 1.8466e17
1.6772e-8, 1.8468e17
1.6772e-8, 1.7885e17
1.6772e-8, 1.7321e17
1.6861e-8, 1.6776e17
1.695e-8, 1.6248e17
1.704e-8, 1.5737e17
1.713e-8, 1.5242e17
1.722e-8, 1.4762e17
1.7311e-8, 1.4298e17
1.7403e-8, 1.3848e17
1.7495e-8, 1.3412e17
1.7587e-8, 1.2991e17
1.7587e-8, 1.2581e17
1.768e-8, 1.2185e17
1.7774e-8, 1.1801e17
1.7868e-8, 1.1803e17
1.7962e-8, 1.1431e17
1.8057e-8, 1.1433e17
1.8057e-8, 1.1072e17
1.8153e-8, 1.1073e17
1.8153e-8, 1.0724e17
1.8249e-8, 1.0725e17
1.8249e-8, 1.0386e17
1.8345e-8, 1.0387e17
1.8442e-8, 1.0388e17
1.854e-8, 1.0062e17
1.8638e-8, 9.7451e16
1.8736e-8, 9.4386e16
1.8836e-8, 9.1416e16
1.8935e-8, 9.1426e16
1.9035e-8, 8.855e16
1.9136e-8, 8.5765e16
1.9237e-8, 8.3067e16
1.9339e-8, 8.0454e16
1.9441e-8, 7.7923e16
1.9544e-8, 7.5471e16
1.9647e-8, 7.3097e16
1.9751e-8, 7.0797e16
1.9856e-8, 6.857e16
1.9961e-8, 6.6413e16
2.0066e-8, 6.4324e16
2.0172e-8, 6.23e16
2.0279e-8, 6.0341e16
2.0386e-8, 6.0347e16
2.0494e-8, 5.8449e16
2.0602e-8, 5.661e16
2.0711e-8, 5.4829e16
2.0821e-8, 5.3104e16
2.0931e-8, 5.1434e16
2.1042e-8, 4.9816e16
2.1153e-8, 4.8249e16
2.1153e-8, 4.6726e16
2.1265e-8, 4.6731e16
2.1265e-8, 4.5256e16
2.1377e-8, 4.5261e16
2.1377e-8, 4.3832e16
2.149e-8, 4.3837e16
2.149e-8, 4.2453e16
2.1604e-8, 4.2458e16
2.1718e-8, 4.2462e16
2.1833e-8, 4.1127e16
2.1949e-8, 3.9833e16
2.2065e-8, 3.858e16
2.2181e-8, 3.7366e16
2.2299e-8, 3.6191e16
2.2298e-8, 3.5048e16
2.2416e-8, 3.5052e16
2.2535e-8, 3.5056e16
2.2654e-8, 3.3953e16
2.2774e-8, 3.2885e16
2.2894e-8, 3.1851e16
2.3016e-8, 3.0849e16
2.3137e-8, 2.9878e16
2.326e-8, 2.9881e16
2.3383e-8, 2.8941e16
2.3506e-8, 2.8031e16
2.3631e-8, 2.7149e16
2.3756e-8, 2.6295e16
2.3881e-8, 2.5468e16
2.4007e-8, 2.4667e16
2.4134e-8, 2.3891e16
2.4262e-8, 2.3139e16
2.4262e-8, 2.2409e16
2.439e-8, 2.1704e16
2.4519e-8, 2.1706e16
2.4649e-8, 2.1023e16
2.4649e-8, 2.036e16
2.4648e-8, 1.9717e16
2.4648e-8, 1.9095e16
2.4779e-8, 1.8494e16
2.4778e-8, 1.791e16
2.4909e-8, 1.7347e16
2.5041e-8, 1.6801e16
2.5174e-8, 1.6273e16
2.5173e-8, 1.5759e16
2.5173e-8, 1.5262e16
2.5306e-8, 1.5263e16
2.544e-8, 1.4783e16
2.5575e-8, 1.4318e16
2.571e-8, 1.3868e16
2.5846e-8, 1.3869e16
2.5846e-8, 1.3431e16
2.5983e-8, 1.3433e16
2.612e-8, 1.301e16
2.6258e-8, 1.2601e16
2.6397e-8, 1.2602e16
2.6397e-8, 1.2205e16
2.6537e-8, 1.2206e16
2.6677e-8, 1.1822e16
2.6818e-8, 1.145e16
2.6818e-8, 1.1089e16
2.696e-8, 1.109e16
2.696e-8, 1.074e16
2.7102e-8, 1.0402e16
2.7102e-8, 1.0074e16
2.7245e-8, 9.7566e15
2.739e-8, 9.4497e15
2.7389e-8, 9.1514e15
2.7534e-8, 8.8635e15
2.768e-8, 8.5847e15
2.768e-8, 8.3137e15
2.7679e-8, 8.0513e15
2.7826e-8, 7.798e15
2.7825e-8, 7.5519e15
2.7973e-8, 7.5527e15
2.7973e-8, 7.3143e15
2.812e-8, 7.0842e15
2.812e-8, 6.8606e15
2.8269e-8, 6.6448e15
2.8418e-8, 6.4357e15
2.8569e-8, 6.2333e15
2.8568e-8, 6.0365e15
2.8568e-8, 5.846e15
2.8719e-8, 5.6621e15
2.8719e-8, 5.4833e15
2.8871e-8, 5.4839e15
2.8871e-8, 5.3108e15
2.9024e-8, 5.1438e15
2.9023e-8, 4.9814e15
2.9177e-8, 4.8247e15
2.9331e-8, 4.6729e15
2.9331e-8, 4.5254e15
2.9486e-8, 4.3831e15
2.9486e-8, 4.2447e15
2.9642e-8, 4.1112e15
2.9641e-8, 3.9814e15
2.9798e-8, 3.8562e15
2.9798e-8, 3.7344e15
2.9955e-8, 3.617e15
2.9955e-8, 3.5028e15
3.0114e-8, 3.3926e15
3.0113e-8, 3.2855e15
3.0273e-8, 3.1821e15
3.0272e-8, 3.0817e15
3.0272e-8, 2.9844e15
3.0432e-8, 2.8905e15
3.0432e-8, 2.7993e15
3.0593e-8, 2.7112e15
3.0593e-8, 2.6257e15
3.0754e-8, 2.5431e15
3.0754e-8, 2.4628e15
3.0917e-8, 2.3853e15
3.0916e-8, 2.31e15
3.108e-8, 2.2373e15
3.108e-8, 2.1667e15
3.1244e-8, 2.0986e15
3.1244e-8, 2.0323e15
3.1243e-8, 1.9682e15
3.1409e-8, 1.9063e15
3.1408e-8, 1.8461e15
3.1575e-8, 1.788e15
3.1574e-8, 1.7316e15
3.1741e-8, 1.6771e15
3.1741e-8, 1.6242e15
3.1909e-8, 1.5731e15
3.1909e-8, 1.5234e15
3.2077e-8, 1.4755e15
3.2077e-8, 1.4289e15
3.2077e-8, 1.3838e15
3.2246e-8, 1.3403e15
3.2246e-8, 1.298e15
3.2417e-8, 1.2571e15
3.2416e-8, 1.2175e15
3.2588e-8, 1.1792e15
3.2588e-8, 1.1419e15
3.276e-8, 1.106e15
3.276e-8, 1.0711e15
3.2933e-8, 1.0374e15
3.2933e-8, 1.0047e15
3.3107e-8, 9.7305e14
3.3106e-8, 9.4234e14
3.3106e-8, 9.1259e14
3.3281e-8, 8.8388e14
3.3281e-8, 8.5598e14
3.3457e-8, 8.2906e14
3.3457e-8, 8.0289e14
3.3634e-8, 7.7763e14
3.3633e-8, 7.5308e14
3.3811e-8, 7.2939e14
3.3811e-8, 7.0637e14
3.399e-8, 6.8415e14
3.3989e-8, 6.6255e14
3.3989e-8, 6.4164e14
3.4169e-8, 6.2145e14
3.4169e-8, 6.0184e14
3.4349e-8, 5.829e14
3.4349e-8, 5.645e14
3.4531e-8, 5.4675e14
3.453e-8, 5.2949e14
3.4713e-8, 5.1283e14
3.4713e-8, 4.9664e14
3.4896e-8, 4.8102e14
3.4896e-8, 4.6584e14
3.4896e-8, 4.5113e14
3.508e-8, 4.3694e14
3.508e-8, 4.2315e14
3.5265e-8, 4.0984e14
3.5265e-8, 3.969e14
3.5451e-8, 3.8441e14
3.5451e-8, 3.7228e14
3.5639e-8, 3.6057e14
3.5638e-8, 3.4919e14
3.5827e-8, 3.382e14
3.5827e-8, 3.2753e14
3.6016e-8, 3.1722e14
3.6016e-8, 3.0721e14
3.6206e-8, 2.9754e14
3.6206e-8, 2.8815e14
3.6397e-8, 2.7909e14
3.6397e-8, 2.7028e14
3.6589e-8, 2.6178e14
3.6589e-8, 2.5351e14
3.6783e-8, 2.4554e14
3.6782e-8, 2.3779e14
3.6782e-8, 2.3028e14
3.6977e-8, 2.3031e14
3.7172e-8, 2.2306e14
3.7172e-8, 2.1602e14
3.7369e-8, 2.0922e14
3.7368e-8, 2.0262e14
3.7566e-8, 1.9625e14
3.7566e-8, 1.9005e14
3.7764e-8, 1.8407e14
3.7764e-8, 1.7826e14
3.7964e-8, 1.7265e14
3.8164e-8, 1.6722e14
3.8164e-8, 1.6194e14
3.8366e-8, 1.5685e14
3.8365e-8, 1.519e14
3.8568e-8, 1.4712e14
3.8568e-8, 1.4248e14
3.8772e-8, 1.3799e14
3.8772e-8, 1.3364e14
3.8977e-8, 1.2943e14
3.8976e-8, 1.2535e14
3.8976e-8, 1.2139e14
3.9182e-8, 1.2141e14
3.939e-8, 1.1759e14
3.9389e-8, 1.1387e14
3.9598e-8, 1.1029e14
3.9597e-8, 1.0681e14
3.9807e-8, 1.0345e14
3.9806e-8, 1.0019e14
4.0017e-8, 9.7034e13
4.0228e-8, 9.3981e13
4.0228e-8, 9.1015e13
4.0441e-8, 8.8152e13
4.044e-8, 8.5369e13
4.0654e-8, 8.2684e13
4.0654e-8, 8.0074e13
4.0869e-8, 7.7555e13
4.0869e-8, 7.5107e13
4.1085e-8, 7.2744e13
4.1302e-8, 7.0455e13
4.1302e-8, 6.8231e13
4.152e-8, 6.6085e13
4.152e-8, 6.3999e13
4.1739e-8, 6.1986e13
4.1739e-8, 6.0029e13
4.196e-8, 5.8141e13
4.1959e-8, 5.6305e13
4.2181e-8, 5.4534e13
4.2404e-8, 5.2819e13
4.2404e-8, 5.1151e13
4.2628e-8, 4.9542e13
4.2628e-8, 4.7978e13
4.2853e-8, 4.6469e13
4.2853e-8, 4.5002e13
4.3079e-8, 4.3587e13
4.3307e-8, 4.2215e13
4.3307e-8, 4.0883e13
4.3536e-8, 3.9597e13
4.3535e-8, 3.8347e13
4.3766e-8, 3.714e13
4.3765e-8, 3.5968e13
4.3997e-8, 3.4837e13
4.3996e-8, 3.3737e13
4.4229e-8, 3.2676e13
4.4229e-8, 3.1644e13
4.4462e-8, 3.0649e13
4.4697e-8, 2.9685e13
4.4697e-8, 2.8748e13
4.4933e-8, 2.7843e13
4.4933e-8, 2.6964e13
4.5171e-8, 2.6116e13
4.541e-8, 2.5295e13
4.5409e-8, 2.4496e13
4.5649e-8, 2.3726e13
4.5649e-8, 2.2977e13
4.589e-8, 2.2254e13
4.6133e-8, 2.1554e13
4.6133e-8, 2.0873e13
4.6376e-8, 2.0217e13
4.6622e-8, 1.9581e13
4.6621e-8, 1.8963e13
4.6868e-8, 1.8366e13
4.7116e-8, 1.7788e13
4.7115e-8, 1.7227e13
4.7364e-8, 1.6685e13
4.7615e-8, 1.616e13
4.7614e-8, 1.565e13
4.7866e-8, 1.5158e13
4.7866e-8, 1.4679e13
4.8119e-8, 1.4217e13
4.8373e-8, 1.377e13
4.8629e-8, 1.3337e13
4.8629e-8, 1.2916e13
4.8886e-8, 1.2917e13
4.8886e-8, 1.251e13
4.8885e-8, 1.2115e13
4.9144e-8, 1.1734e13
4.9404e-8, 1.1365e13
4.9403e-8, 1.1006e13
4.9665e-8, 1.066e13
4.9927e-8, 1.0324e13
4.9927e-8, 9.9984e12
5.0191e-8, 9.6838e12
5.0456e-8, 9.3792e12
5.0456e-8, 9.0831e12
5.0723e-8, 8.7974e12
5.0722e-8, 8.5197e12
5.099e-8, 8.2517e12
5.126e-8, 7.9921e12
5.126e-8, 7.7398e12
5.1531e-8, 7.4963e12
5.1803e-8, 7.2605e12
5.1803e-8, 7.0313e12
5.2077e-8, 6.8101e12
5.2352e-8, 6.5959e12
5.2352e-8, 6.3877e12
5.2628e-8, 6.1867e12
5.2907e-8, 5.9921e12
5.2906e-8, 5.803e12
5.3186e-8, 5.6204e12
5.3467e-8, 5.4436e12
5.3467e-8, 5.2718e12
5.3749e-8, 5.1059e12
5.4034e-8, 4.9453e12
5.4033e-8, 4.7892e12
5.4319e-8, 4.7897e12
5.4319e-8, 4.6386e12
5.4606e-8, 4.4926e12
5.4895e-8, 4.3513e12
5.4894e-8, 4.214e12
5.5185e-8, 4.2144e12
5.5185e-8, 4.0814e12
5.5476e-8, 3.953e12
5.5476e-8, 3.8282e12
5.577e-8, 3.8286e12
5.5769e-8, 3.7078e12
5.6064e-8, 3.5911e12
5.6361e-8, 3.4782e12
5.636e-8, 3.3684e12
5.6659e-8, 3.3688e12
5.6658e-8, 3.2624e12
5.6958e-8, 3.1598e12
5.6957e-8, 3.06e12
5.7259e-8, 3.0604e12
5.7258e-8, 2.9638e12
5.7561e-8, 2.8705e12
5.7866e-8, 2.7802e12
5.7865e-8, 2.6925e12
5.8172e-8, 2.6928e12
5.8171e-8, 2.6078e12
5.8479e-8, 2.5257e12
5.8788e-8, 2.4463e12
5.8787e-8, 2.3691e12
5.9099e-8, 2.3693e12
5.9098e-8, 2.2945e12
5.9411e-8, 2.2224e12
5.941e-8, 2.1522e12
5.9725e-8, 2.1524e12
5.9724e-8, 2.0845e12
6.004e-8, 2.0189e12
6.0358e-8, 1.9554e12
6.0357e-8, 1.8937e12
6.0677e-8, 1.8939e12
6.0676e-8, 1.8341e12
6.0997e-8, 1.7764e12
6.132e-8, 1.7205e12
6.1319e-8, 1.6662e12
6.1644e-8, 1.6664e12
6.1643e-8, 1.6138e12
6.1969e-8, 1.563e12
6.1969e-8, 1.5137e12
6.2297e-8, 1.5139e12
6.2296e-8, 1.4661e12
6.2626e-8, 1.42e12
6.2957e-8, 1.3753e12
6.2956e-8, 1.3319e12
6.329e-8, 1.332e12
6.3289e-8, 1.29e12
6.3624e-8, 1.2494e12
6.3623e-8, 1.21e12
6.3623e-8, 1.1718e12
6.3959e-8, 1.1349e12
6.4298e-8, 1.135e12
6.4298e-8, 1.0992e12
6.4638e-8, 1.0993e12
6.498e-8, 1.0647e12
6.5323e-8, 1.0313e12
6.5323e-8, 9.987e11
6.5669e-8, 9.9881e11
6.5668e-8, 9.6728e11
6.6015e-8, 9.3685e11
6.6015e-8, 9.0728e11
6.6014e-8, 8.7864e11
6.6363e-8, 8.51e11
6.6715e-8, 8.511e11
6.6714e-8, 8.2423e11
6.7068e-8, 8.2432e11
6.7422e-8, 7.9839e11
6.7422e-8, 7.7319e11
6.7421e-8, 7.4878e11
6.7778e-8, 7.2523e11
6.8137e-8, 7.2531e11
6.8136e-8, 7.0241e11
6.8497e-8, 7.0249e11
6.8859e-8, 6.8039e11
6.9223e-8, 6.5899e11
6.9223e-8, 6.3818e11
6.9589e-8, 6.3826e11
6.9589e-8, 6.1811e11
6.9956e-8, 5.9866e11
7.0326e-8, 5.7983e11
7.0698e-8, 5.6159e11
7.0698e-8, 5.4386e11
7.1072e-8, 5.4392e11
7.1071e-8, 5.2675e11
7.1447e-8, 5.1018e11
7.1825e-8, 4.9413e11
7.2205e-8, 4.7859e11
7.2204e-8, 4.6348e11
7.2587e-8, 4.6353e11
7.2586e-8, 4.489e11
7.297e-8, 4.3478e11
7.3356e-8, 4.211e11
7.3743e-8, 4.0786e11
7.4133e-8, 3.9502e11
7.4133e-8, 3.8256e11
7.4525e-8, 3.826e11
7.4919e-8, 3.7056e11
7.4919e-8, 3.5886e11
7.5315e-8, 3.4758e11
7.5713e-8, 3.3664e11
7.6113e-8, 3.2605e11
7.6516e-8, 3.1579e11
7.692e-8, 3.0586e11
7.692e-8, 2.9621e11
7.7327e-8, 2.9624e11
7.7327e-8, 2.8689e11
7.7735e-8, 2.7786e11
7.8146e-8, 2.6912e11
7.856e-8, 2.6065e11
7.8975e-8, 2.5245e11
7.8974e-8, 2.4449e11
7.8974e-8, 2.3677e11
7.9391e-8, 2.2932e11
7.9812e-8, 2.2935e11
7.9811e-8, 2.2211e11
8.0234e-8, 2.2213e11
8.0658e-8, 2.1514e11
8.1084e-8, 2.0837e11
8.1513e-8, 2.0182e11
8.1944e-8, 1.9547e11
8.2377e-8, 1.8932e11
8.2377e-8, 1.8335e11
8.2376e-8, 1.7756e11
8.2812e-8, 1.7197e11
8.325e-8, 1.6656e11
8.369e-8, 1.6658e11
8.369e-8, 1.6132e11
8.4132e-8, 1.5625e11
8.4578e-8, 1.5626e11
8.5025e-8, 1.5135e11
8.5024e-8, 1.4657e11
8.5474e-8, 1.4659e11
8.5926e-8, 1.4198e11
8.6381e-8, 1.3751e11
8.6837e-8, 1.3318e11
8.7297e-8, 1.2899e11
8.7758e-8, 1.2494e11
8.8222e-8, 1.2101e11
8.8689e-8, 1.172e11
8.8688e-8, 1.135e11
8.8687e-8, 1.0992e11
8.9156e-8, 1.0646e11
8.9628e-8, 1.0311e11
9.0101e-8, 9.9867e10
9.0579e-8, 9.9878e10
9.1058e-8, 9.9889e10
9.154e-8, 9.99e10
9.154e-8, 9.6746e10
9.2024e-8, 9.6757e10
9.2511e-8, 9.3713e10
9.251e-8, 9.0755e10
9.3e-8, 9.0765e10
9.3492e-8, 8.791e10
9.3491e-8, 8.5135e10
9.3986e-8, 8.5144e10
9.3985e-8, 8.2457e10
9.4482e-8, 7.9863e10
9.4482e-8, 7.7342e10
9.4982e-8, 7.735e10
9.5484e-8, 7.4917e10
9.5483e-8, 7.2552e10
9.5988e-8, 7.027e10
9.6496e-8, 7.0278e10
9.6496e-8, 6.8059e10
9.7006e-8, 6.5918e10
9.7519e-8, 6.3845e10
9.8034e-8, 6.1836e10
9.8553e-8, 5.9891e10
9.9074e-8, 5.8007e10
9.9598e-8, 5.6182e10
1.0012e-7, 5.4415e10
1.0065e-7, 5.2703e10
1.0119e-7, 5.1045e10
1.0119e-7, 4.9434e10
1.0172e-7, 4.7878e10
1.0226e-7, 4.6372e10
1.028e-7, 4.4913e10
1.0334e-7, 4.3501e10
1.0389e-7, 4.2132e10
1.0444e-7, 4.2137e10
1.0444e-7, 4.0807e10
1.0499e-7, 4.0811e10
1.0555e-7, 3.9527e10
1.061e-7, 3.8284e10
1.0667e-7, 3.8288e10
1.0667e-7, 3.708e10
1.0723e-7, 3.7084e10
1.078e-7, 3.5917e10
1.0837e-7, 3.4787e10
1.0894e-7, 3.3693e10
1.0952e-7, 3.2633e10
1.1009e-7, 3.1606e10
1.1068e-7, 3.0612e10
1.1126e-7, 2.9649e10
1.1185e-7, 2.8716e10
1.1244e-7, 2.8719e10
1.1244e-7, 2.7813e10
1.1304e-7, 2.6938e10
1.1363e-7, 2.6941e10
1.1424e-7, 2.6093e10
1.1423e-7, 2.527e10
1.1484e-7, 2.5273e10
1.1545e-7, 2.4477e10
1.1606e-7, 2.3707e10
1.1667e-7, 2.2962e10
1.1729e-7, 2.2239e10
1.1791e-7, 2.154e10
1.1853e-7, 2.0862e10
1.1916e-7, 2.0206e10
1.1979e-7, 2.0208e10
1.1979e-7, 1.957e10
1.2042e-7, 1.8955e10
1.2106e-7, 1.8957e10
1.217e-7, 1.836e10
1.2234e-7, 1.7783e10
1.2299e-7, 1.7223e10
1.2364e-7, 1.6681e10
1.2429e-7, 1.6157e10
1.2495e-7, 1.6158e10
1.2495e-7, 1.5648e10
1.2561e-7, 1.5156e10
1.2628e-7, 1.5158e10
1.2694e-7, 1.4681e10
1.2762e-7, 1.4219e10
1.2829e-7, 1.3772e10
1.2897e-7, 1.3339e10
1.2965e-7, 1.2919e10
1.3034e-7, 1.2513e10
1.3103e-7, 1.2119e10
1.3172e-7, 1.212e10
1.3172e-7, 1.1738e10
1.3241e-7, 1.1368e10
1.3312e-7, 1.137e10
1.3382e-7, 1.1012e10
1.3453e-7, 1.0666e10
1.3524e-7, 1.033e10
1.3595e-7, 1.0005e10
1.3667e-7, 9.6903e9
1.374e-7, 9.6914e9
1.3812e-7, 9.6925e9
1.3885e-7, 9.3876e9
1.3885e-7, 9.0913e9
1.3959e-7, 9.0923e9
1.4033e-7, 8.8062e9
1.4032e-7, 8.5283e9
1.4107e-7, 8.26e9
1.4181e-7, 8.2609e9
1.4181e-7, 8.0001e9
1.4256e-7, 7.7485e9
1.4332e-7, 7.5047e9
1.4407e-7, 7.2686e9
1.4484e-7, 7.04e9
1.456e-7, 6.8185e9
1.4637e-7, 6.604e9
1.4715e-7, 6.3962e9
1.4792e-7, 6.195e9
1.4871e-7, 6.1957e9
1.4871e-7, 6.0001e9
1.4949e-7, 5.8114e9
1.5028e-7, 5.812e9
1.5108e-7, 5.6292e9
1.5188e-7, 5.4521e9
1.5268e-7, 5.2806e9
1.5349e-7, 5.1145e9
1.543e-7, 4.9536e9
1.5511e-7, 4.7977e9
1.5594e-7, 4.7983e9
1.5593e-7, 4.6468e9
1.5676e-7, 4.6473e9
1.5759e-7, 4.5011e9
1.5842e-7, 4.3595e9
1.5926e-7, 4.2224e9
1.601e-7, 4.0895e9
1.6095e-7, 3.9609e9
1.618e-7, 3.9613e9
1.618e-7, 3.8363e9
1.6266e-7, 3.8367e9
1.6352e-7, 3.716e9
1.6438e-7, 3.5991e9
1.6525e-7, 3.4859e9
1.6612e-7, 3.3762e9
1.67e-7, 3.27e9
1.6789e-7, 3.2704e9
1.6789e-7, 3.1672e9
1.6877e-7, 3.1675e9
1.6967e-7, 3.0679e9
1.7056e-7, 2.9713e9
1.7147e-7, 2.8779e9
1.7237e-7, 2.7873e9
1.7328e-7, 2.7876e9
1.7328e-7, 2.6997e9
1.742e-7, 2.7e9
1.7512e-7, 2.615e9
1.7605e-7, 2.5328e9
1.7698e-7, 2.4531e9
1.7791e-7, 2.3759e9
1.7886e-7, 2.3762e9
1.7886e-7, 2.3012e9
1.798e-7, 2.3014e9
1.8075e-7, 2.229e9
1.8171e-7, 2.1589e9
1.8267e-7, 2.091e9
1.8364e-7, 2.0912e9
1.8364e-7, 2.0252e9
1.8461e-7, 2.0254e9
1.8558e-7, 1.9617e9
1.8657e-7, 1.9e9
1.8755e-7, 1.8402e9
1.8854e-7, 1.8404e9
1.8854e-7, 1.7823e9
1.8954e-7, 1.7825e9
1.9054e-7, 1.7265e9
1.9155e-7, 1.7266e9
1.9155e-7, 1.6721e9
1.9257e-7, 1.6723e9
1.9358e-7, 1.6197e9
1.9461e-7, 1.5688e9
1.9564e-7, 1.5194e9
1.9667e-7, 1.5196e9
1.9771e-7, 1.4718e9
1.9876e-7, 1.4255e9
1.9981e-7, 1.3806e9
2.0087e-7, 1.3808e9
2.0193e-7, 1.3373e9
2.03e-7, 1.2953e9
2.0407e-7, 1.2545e9
2.0515e-7, 1.2151e9
2.0623e-7, 1.2152e9
2.0623e-7, 1.1768e9
2.0732e-7, 1.177e9
2.0842e-7, 1.1399e9
2.0952e-7, 1.1041e9
2.1063e-7, 1.0694e9
2.1175e-7, 1.0695e9
2.1174e-7, 1.0357e9
2.1287e-7, 1.0358e9
2.1399e-7, 1.0032e9
2.1512e-7, 9.7168e8
2.1626e-7, 9.7179e8
2.1626e-7, 9.4111e8
2.1741e-7, 9.4122e8
2.1855e-7, 9.1161e8
2.1971e-7, 9.1171e8
2.2087e-7, 8.8303e8
2.2204e-7, 8.5525e8
2.2322e-7, 8.2834e8
2.244e-7, 8.2843e8
2.244e-7, 8.0228e8
2.2558e-7, 8.0237e8
2.2678e-7, 7.7713e8
2.2798e-7, 7.5268e8
2.2918e-7, 7.5277e8
2.2918e-7, 7.2901e8
2.3039e-7, 7.2909e8
2.3161e-7, 7.0615e8
2.3284e-7, 7.0623e8
2.3407e-7, 6.8401e8
2.3531e-7, 6.6249e8
2.3655e-7, 6.4165e8
2.3781e-7, 6.4172e8
2.3906e-7, 6.2154e8
2.4033e-7, 6.0198e8
2.416e-7, 6.0205e8
2.4288e-7, 5.8311e8
2.4416e-7, 5.6477e8
2.4545e-7, 5.6483e8
2.4675e-7, 5.4706e8
2.4806e-7, 5.2985e8
2.4937e-7, 5.2991e8
2.5069e-7, 5.1324e8
2.5201e-7, 4.9709e8
2.5335e-7, 4.8145e8
2.5469e-7, 4.8151e8
2.5603e-7, 4.6636e8
2.5739e-7, 4.5169e8
2.5875e-7, 4.5174e8
2.6012e-7, 4.3753e8
2.6149e-7, 4.2376e8
2.6288e-7, 4.2381e8
2.6427e-7, 4.1048e8
2.6567e-7, 3.9757e8
2.6707e-7, 3.9761e8
2.6848e-7, 3.851e8
2.699e-7, 3.7299e8
2.7133e-7, 3.7303e8
2.7277e-7, 3.6129e8
2.7421e-7, 3.4993e8
2.7566e-7, 3.4997e8
2.7712e-7, 3.3896e8
2.7859e-7, 3.2829e8
2.8006e-7, 3.2833e8
2.8154e-7, 3.18e8
2.8303e-7, 3.08e8
2.8453e-7, 3.0803e8
2.8603e-7, 2.9834e8
2.8755e-7, 2.8896e8
2.8907e-7, 2.8899e8
2.906e-7, 2.799e8
2.9213e-7, 2.7109e8
2.9368e-7, 2.7112e8
2.9523e-7, 2.6259e8
2.9679e-7, 2.5433e8
2.9836e-7, 2.5436e8
2.9994e-7, 2.4636e8
3.0153e-7, 2.4638e8
3.0313e-7, 2.3863e8
3.0473e-7, 2.3113e8
3.0634e-7, 2.3115e8
3.0796e-7, 2.2388e8
3.0959e-7, 2.1684e8
3.1123e-7, 2.1686e8
3.1287e-7, 2.1004e8
3.1453e-7, 2.1006e8
3.1619e-7, 2.0345e8
3.1787e-7, 1.9705e8
3.1955e-7, 1.9708e8
3.2124e-7, 1.9088e8
3.2294e-7, 1.8487e8
3.2465e-7, 1.8489e8
3.2636e-7, 1.7908e8
3.2809e-7, 1.7344e8
3.2983e-7, 1.7346e8
3.3157e-7, 1.68e8
3.3333e-7, 1.6802e8
3.3509e-7, 1.6274e8
3.3686e-7, 1.5762e8
3.3864e-7, 1.5763e8
3.4043e-7, 1.5268e8
3.4223e-7, 1.4787e8
3.4405e-7, 1.4789e8
3.4587e-7, 1.4324e8
3.477e-7, 1.4325e8
3.4954e-7, 1.3875e8
3.5138e-7, 1.3438e8
3.5324e-7, 1.344e8
3.5511e-7, 1.3017e8
3.5699e-7, 1.2607e8
3.5888e-7, 1.2609e8
3.6078e-7, 1.2212e8
3.6269e-7, 1.2213e8
3.6461e-7, 1.1829e8
3.6654e-7, 1.1831e8
3.6847e-7, 1.1458e8
3.7042e-7, 1.1098e8
3.7238e-7, 1.1099e8
3.7435e-7, 1.075e8
3.7634e-7, 1.0751e8
3.7833e-7, 1.0413e8
3.8033e-7, 1.0085e8
3.8234e-7, 1.0086e8
3.8436e-7, 9.7692e7
3.864e-7, 9.7702e7
3.8844e-7, 9.4629e7
3.9049e-7, 9.1652e7
3.9256e-7, 9.1662e7
3.9464e-7, 8.8778e7
3.9673e-7, 8.8788e7
3.9882e-7, 8.5995e7
4.0094e-7, 8.6005e7
4.0306e-7, 8.3299e7
4.0519e-7, 8.0679e7
4.0733e-7, 8.0687e7
4.0949e-7, 7.8149e7
4.1165e-7, 7.8158e7
4.1383e-7, 7.5699e7
4.1602e-7, 7.5707e7
4.1822e-7, 7.3326e7
4.2043e-7, 7.1019e7
4.2266e-7, 7.1027e7
4.2489e-7, 6.8792e7
4.2714e-7, 6.88e7
4.294e-7, 6.6636e7
4.3168e-7, 6.6643e7
4.3396e-7, 6.4547e7
4.3625e-7, 6.2516e7
4.3856e-7, 6.2523e7
4.4088e-7, 6.0556e7
4.4322e-7, 6.0563e7
4.4556e-7, 5.8658e7
4.4792e-7, 5.8664e7
4.5029e-7, 5.6819e7
4.5267e-7, 5.5031e7
4.5507e-7, 5.5037e7
4.5747e-7, 5.3306e7
4.5989e-7, 5.3312e7
4.6233e-7, 5.1635e7
4.6477e-7, 5.164e7
4.6723e-7, 5.0016e7
4.697e-7, 5.0021e7
4.7219e-7, 4.8448e7
4.7469e-7, 4.8453e7
4.772e-7, 4.6929e7
4.7973e-7, 4.6934e7
4.8226e-7, 4.5457e7
4.8481e-7, 4.4027e7
4.8738e-7, 4.4032e7
4.8996e-7, 4.2647e7
4.9255e-7, 4.2652e7
4.9515e-7, 4.131e7
4.9778e-7, 4.1315e7
5.0041e-7, 4.0015e7
5.0306e-7, 4.0019e7
5.0572e-7, 3.876e7
5.0839e-7, 3.7541e7
5.1108e-7, 3.7545e7
5.1379e-7, 3.7549e7
5.1651e-7, 3.6368e7
5.1924e-7, 3.6372e7
5.2199e-7, 3.5228e7
5.2475e-7, 3.412e7
5.2753e-7, 3.4123e7
5.3031e-7, 3.305e7
5.3312e-7, 3.3054e7
5.3594e-7, 3.2014e7
5.3878e-7, 3.2017e7
5.4163e-7, 3.101e7
5.445e-7, 3.1014e7
5.4738e-7, 3.0038e7
5.5027e-7, 3.0041e7
5.5318e-7, 2.9096e7
5.5611e-7, 2.9099e7
5.5905e-7, 2.8184e7
5.6201e-7, 2.8187e7
5.6498e-7, 2.73e7
5.6798e-7, 2.7303e7
5.7098e-7, 2.6444e7
5.74e-7, 2.6447e7
5.7704e-7, 2.5615e7
5.8009e-7, 2.481e7
5.8316e-7, 2.4812e7
5.8624e-7, 2.4032e7
5.8935e-7, 2.4034e7
5.9246e-7, 2.3278e7
5.956e-7, 2.3281e7
5.9875e-7, 2.2548e7
6.0192e-7, 2.2551e7
6.051e-7, 2.1842e7
6.0831e-7, 2.1844e7
6.1152e-7, 2.1157e7
6.1476e-7, 2.1159e7
6.1801e-7, 2.0493e7
6.2129e-7, 2.0496e7
6.2457e-7, 1.9851e7
6.2788e-7, 1.9853e7
6.312e-7, 1.9229e7
6.3454e-7, 1.9231e7
6.3789e-7, 1.8626e7
6.4127e-7, 1.8628e7
6.4466e-7, 1.8042e7
6.4808e-7, 1.8044e7
6.515e-7, 1.7476e7
6.5495e-7, 1.7478e7
6.5842e-7, 1.6928e7
6.619e-7, 1.693e7
6.654e-7, 1.6398e7
6.6893e-7, 1.6399e7
6.7246e-7, 1.5883e7
6.7602e-7, 1.5885e7
6.796e-7, 1.5385e7
6.832e-7, 1.5387e7
6.8681e-7, 1.4903e7
6.9045e-7, 1.4905e7
6.941e-7, 1.4436e7
6.9777e-7, 1.4437e7
7.0146e-7, 1.3983e7
7.0517e-7, 1.3985e7
7.0891e-7, 1.3986e7
7.1266e-7, 1.3546e7
7.1643e-7, 1.3548e7
7.2022e-7, 1.3122e7
7.2403e-7, 1.3123e7
7.2786e-7, 1.271e7
7.3171e-7, 1.2712e7
7.3558e-7, 1.2312e7
7.3948e-7, 1.2313e7
7.4339e-7, 1.1926e7
7.4733e-7, 1.1927e7
7.5128e-7, 1.1552e7
7.5525e-7, 1.1553e7
7.5925e-7, 1.119e7
7.6327e-7, 1.1191e7
7.673e-7, 1.0839e7
7.7137e-7, 1.084e7
7.7545e-7, 1.0841e7
7.7955e-7, 1.05e7
7.8368e-7, 1.0501e7
7.8782e-7, 1.0171e7
7.9199e-7, 1.0172e7
7.9618e-7, 9.8522e6
8.004e-7, 9.8533e6
8.0463e-7, 9.5433e6
8.0889e-7, 9.5444e6
8.1317e-7, 9.2441e6
8.1747e-7, 9.2451e6
8.218e-7, 8.9543e6
8.2615e-7, 8.9553e6
8.3052e-7, 8.6736e6
8.3491e-7, 8.6745e6
8.3933e-7, 8.4016e6
8.4377e-7, 8.4026e6
8.4824e-7, 8.4035e6
8.5272e-7, 8.1391e6
8.5724e-7, 8.14e6
8.6177e-7, 7.884e6
8.6634e-7, 7.8848e6
8.7092e-7, 7.6368e6
8.7553e-7, 7.6376e6
8.8016e-7, 7.3974e6
8.8482e-7, 7.3982e6
8.895e-7, 7.1654e6
8.9421e-7, 7.1662e6
8.9894e-7, 7.167e6
9.0369e-7, 6.9416e6
9.0848e-7, 6.9423e6
9.1328e-7, 6.7239e6
9.1812e-7, 6.7247e6
9.2297e-7, 6.5131e6
9.2786e-7, 6.5138e6
9.3277e-7, 6.3089e6
9.3771e-7, 6.3096e6
9.4267e-7, 6.3103e6
9.4766e-7, 6.1118e6
9.5267e-7, 6.1125e6
9.5771e-7, 5.9202e6
9.6278e-7, 5.9208e6
9.6787e-7, 5.7346e6
9.73e-7, 5.7352e6
9.7814e-7, 5.5548e6
9.8332e-7, 5.5554e6
9.8853e-7, 5.556e6
9.9375e-7, 5.3812e6
9.9902e-7, 5.3818e6
1.0043e-6, 5.2125e6
1.0096e-6, 5.2131e6
1.015e-6, 5.0491e6
1.0203e-6, 5.0497e6
1.0257e-6, 4.8908e6
1.0312e-6, 4.8913e6
1.0366e-6, 4.8919e6
1.0421e-6, 4.738e6
1.0476e-6, 4.7385e6
1.0532e-6, 4.5894e6
1.0587e-6, 4.59e6
1.0643e-6, 4.4456e6
1.07e-6, 4.4461e6
1.0756e-6, 4.4465e6
1.0813e-6, 4.3067e6
1.087e-6, 4.3071e6
1.0928e-6, 4.1716e6
1.0986e-6, 4.1721e6
1.1044e-6, 4.0409e6
1.1102e-6, 4.0413e6
1.1161e-6, 4.0417e6
1.122e-6, 3.9146e6
1.128e-6, 3.915e6
1.1339e-6, 3.7919e6
1.1399e-6, 3.7923e6
1.146e-6, 3.673e6
1.152e-6, 3.6734e6
1.1581e-6, 3.6738e6
1.1642e-6, 3.5582e6
1.1704e-6, 3.5586e6
1.1766e-6, 3.4467e6
1.1828e-6, 3.447e6
1.1891e-6, 3.3386e6
1.1954e-6, 3.339e6
1.2017e-6, 3.3393e6
1.2081e-6, 3.2343e6
1.2145e-6, 3.2347e6
1.2209e-6, 3.1329e6
1.2273e-6, 3.1332e6
1.2338e-6, 3.0347e6
1.2404e-6, 3.035e6
1.2469e-6, 3.0353e6
1.2535e-6, 2.9399e6
1.2602e-6, 2.9402e6
1.2668e-6, 2.8477e6
1.2735e-6, 2.848e6
1.2803e-6, 2.8483e6
1.287e-6, 2.7587e6
1.2939e-6, 2.759e6
1.3007e-6, 2.6722e6
1.3076e-6, 2.6725e6
1.3145e-6, 2.5884e6
1.3215e-6, 2.5887e6
1.3285e-6, 2.589e6
1.3355e-6, 2.5076e6
1.3426e-6, 2.5078e6
1.3497e-6, 2.429e6
1.3568e-6, 2.4292e6
1.364e-6, 2.4295e6
1.3712e-6, 2.3531e6
1.3785e-6, 2.3533e6
1.3857e-6, 2.2793e6
1.3931e-6, 2.2795e6
1.4005e-6, 2.2798e6
1.4079e-6, 2.2081e6
1.4153e-6, 2.2083e6
1.4228e-6, 2.1388e6
1.4303e-6, 2.1391e6
1.4379e-6, 2.1393e6
1.4455e-6, 2.072e6
1.4532e-6, 2.0722e6
1.4609e-6, 2.0071e6
1.4686e-6, 2.0073e6
1.4764e-6, 2.0075e6
1.4842e-6, 1.9443e6
1.492e-6, 1.9446e6
1.4999e-6, 1.8834e6
1.5079e-6, 1.8836e6
1.5158e-6, 1.8838e6
1.5239e-6, 1.8245e6
1.5319e-6, 1.8247e6
1.54e-6, 1.7673e6
1.5482e-6, 1.7675e6
1.5564e-6, 1.7677e6
1.5646e-6, 1.7121e6
1.5729e-6, 1.7123e6
1.5812e-6, 1.6584e6
1.5896e-6, 1.6586e6
1.598e-6, 1.6588e6
1.6065e-6, 1.6066e6
1.615e-6, 1.6068e6
1.6235e-6, 1.5563e6
1.6321e-6, 1.5564e6
1.6407e-6, 1.5566e6
1.6494e-6, 1.5076e6
1.6581e-6, 1.5078e6
1.6669e-6, 1.4604e6
1.6757e-6, 1.4605e6
1.6846e-6, 1.4607e6
1.6935e-6, 1.4147e6
1.7025e-6, 1.4149e6
1.7115e-6, 1.3704e6
1.7206e-6, 1.3705e6
1.7297e-6, 1.3707e6
1.7388e-6, 1.3276e6
1.748e-6, 1.3277e6
1.7573e-6, 1.2859e6
1.7666e-6, 1.2861e6
1.7759e-6, 1.2862e6
1.7853e-6, 1.2458e6
1.7948e-6, 1.2459e6
1.8043e-6, 1.246e6
1.8138e-6, 1.2068e6
1.8234e-6, 1.207e6
1.833e-6, 1.169e6
1.8428e-6, 1.1691e6
1.8525e-6, 1.1693e6
1.8623e-6, 1.1325e6
1.8722e-6, 1.1326e6
1.8821e-6, 1.097e6
1.892e-6, 1.0971e6
1.9021e-6, 1.0972e6
1.9121e-6, 1.0627e6
1.9222e-6, 1.0628e6
1.9324e-6, 1.0294e6
1.9426e-6, 1.0295e6
1.9529e-6, 1.0296e6
1.9632e-6, 9.9722e5
1.9736e-6, 9.9733e5
1.9841e-6, 9.9744e5
1.9946e-6, 9.6606e5
2.0051e-6, 9.6617e5
2.0157e-6, 9.3577e5
2.0264e-6, 9.3588e5
2.0371e-6, 9.3598e5
2.0479e-6, 9.0653e5
2.0588e-6, 9.0663e5
2.0697e-6, 9.0673e5
2.0806e-6, 8.7821e5
2.0916e-6, 8.7831e5
2.1027e-6, 8.5068e5
2.1138e-6, 8.5077e5
2.125e-6, 8.5086e5
2.1362e-6, 8.241e5
2.1476e-6, 8.2419e5
2.1589e-6, 8.2428e5
2.1703e-6, 7.9835e5
2.1818e-6, 7.9844e5
2.1934e-6, 7.7332e5
2.205e-6, 7.734e5
2.2167e-6, 7.7349e5
2.2284e-6, 7.4916e5
2.2402e-6, 7.4924e5
2.252e-6, 7.4932e5
2.264e-6, 7.2575e5
2.2759e-6, 7.2583e5
2.288e-6, 7.03e5
2.3001e-6, 7.0307e5
2.3123e-6, 7.0315e5
2.3245e-6, 6.8103e5
2.3368e-6, 6.8111e5
2.3492e-6, 6.8118e5
2.3616e-6, 6.5975e5
2.3741e-6, 6.5983e5
2.3867e-6, 6.3907e5
2.3993e-6, 6.3914e5
2.412e-6, 6.3921e5
2.4248e-6, 6.191e5
2.4376e-6, 6.1917e5
2.4505e-6, 6.1924e5
2.4635e-6, 5.9976e5
2.4765e-6, 5.9982e5
2.4896e-6, 5.9989e5
2.5028e-6, 5.8102e5
2.516e-6, 5.8108e5
2.5293e-6, 5.628e5
2.5427e-6, 5.6286e5
2.5562e-6, 5.6293e5
2.5697e-6, 5.4522e5
2.5833e-6, 5.4528e5
2.597e-6, 5.4534e5
2.6107e-6, 5.2818e5
2.6245e-6, 5.2824e5
2.6384e-6, 5.1162e5
2.6524e-6, 5.1168e5
2.6664e-6, 5.1174e5
2.6805e-6, 4.9564e5
2.6947e-6, 4.9569e5
2.709e-6, 4.9575e5
2.7233e-6, 4.8015e5
2.7377e-6, 4.802e5
2.7522e-6, 4.8026e5
2.7668e-6, 4.6515e5
2.7814e-6, 4.652e5
2.7962e-6, 4.5057e5
2.811e-6, 4.5062e5
2.8258e-6, 4.5067e5
2.8408e-6, 4.3649e5
2.8558e-6, 4.3654e5
2.8709e-6, 4.3658e5
2.8861e-6, 4.2285e5
2.9014e-6, 4.229e5
2.9168e-6, 4.2294e5
2.9322e-6, 4.0964e5
2.9477e-6, 4.0968e5
2.9633e-6, 3.968e5
2.979e-6, 3.9684e5
2.9948e-6, 3.9688e5
3.0106e-6, 3.844e5
3.0265e-6, 3.8444e5
3.0426e-6, 3.8448e5
3.0587e-6, 3.7239e5
3.0749e-6, 3.7243e5
3.0911e-6, 3.7247e5
3.1075e-6, 3.6075e5
3.1239e-6, 3.6079e5
3.1405e-6, 3.6083e5
3.1571e-6, 3.4948e5
3.1738e-6, 3.4952e5
3.1906e-6, 3.4956e5
3.2075e-6, 3.3856e5
3.2245e-6, 3.386e5
3.2415e-6, 3.2795e5
3.2587e-6, 3.2798e5
3.2759e-6, 3.2802e5
3.2933e-6, 3.177e5
3.3107e-6, 3.1774e5
3.3282e-6, 3.1777e5
3.3458e-6, 3.0777e5
3.3635e-6, 3.0781e5
3.3813e-6, 2.9812e5
3.3992e-6, 2.9816e5
3.4172e-6, 2.9819e5
3.4353e-6, 2.8881e5
3.4535e-6, 2.8884e5
3.4718e-6, 2.8887e5
3.4901e-6, 2.7979e5
3.5086e-6, 2.7982e5
3.5272e-6, 2.7985e5
3.5458e-6, 2.7104e5
3.5646e-6, 2.7107e5
3.5835e-6, 2.711e5
3.6024e-6, 2.6258e5
3.6215e-6, 2.626e5
3.6407e-6, 2.6263e5
3.6599e-6, 2.5437e5
3.6793e-6, 2.544e5
3.6988e-6, 2.5443e5
3.7184e-6, 2.4642e5
3.738e-6, 2.4645e5
3.7578e-6, 2.387e5
3.7777e-6, 2.3872e5
3.7977e-6, 2.3875e5
3.8178e-6, 2.3124e5
3.838e-6, 2.3127e5
3.8583e-6, 2.3129e5
3.8787e-6, 2.2401e5
3.8993e-6, 2.2404e5
3.9199e-6, 2.2406e5
3.9406e-6, 2.1702e5
3.9615e-6, 2.1704e5
3.9825e-6, 2.1706e5
4.0035e-6, 2.1024e5
4.0247e-6, 2.1026e5
4.046e-6, 2.1028e5
4.0674e-6, 2.0367e5
4.089e-6, 2.0369e5
4.1106e-6, 2.0371e5
4.1324e-6, 1.973e5
4.1542e-6, 1.9732e5
4.1762e-6, 1.9735e5
4.1983e-6, 1.9114e5
4.2206e-6, 1.9116e5
4.2429e-6, 1.8515e5
4.2653e-6, 1.8517e5
4.2879e-6, 1.8519e5
4.3106e-6, 1.7936e5
4.3334e-6, 1.7938e5
4.3564e-6, 1.794e5
4.3794e-6, 1.7376e5
4.4026e-6, 1.7378e5
4.4259e-6, 1.738e5
4.4493e-6, 1.6833e5
4.4729e-6, 1.6835e5
4.4965e-6, 1.6836e5
4.5203e-6, 1.6307e5
4.5443e-6, 1.6309e5
4.5683e-6, 1.631e5
4.5925e-6, 1.5797e5
4.6168e-6, 1.5799e5
4.6412e-6, 1.5801e5
4.6658e-6, 1.5304e5
4.6905e-6, 1.5305e5
4.7153e-6, 1.5307e5
4.7403e-6, 1.4826e5
4.7654e-6, 1.4827e5
4.7906e-6, 1.4829e5
4.8159e-6, 1.4362e5
4.8414e-6, 1.4364e5
4.867e-6, 1.3912e5
4.8928e-6, 1.3914e5
4.9187e-6, 1.3915e5
4.9447e-6, 1.3917e5
4.9709e-6, 1.3918e5
4.9972e-6, 1.348e5
5.0237e-6, 1.3482e5
5.0502e-6, 1.3058e5
5.0769e-6, 1.2647e5
5.1038e-6, 1.2648e5
5.1308e-6, 1.225e5
5.158e-6, 1.2252e5
5.1853e-6, 1.2253e5
5.2127e-6, 1.2255e5
5.2403e-6, 1.2256e5
5.2681e-6, 1.187e5
5.2959e-6, 1.1872e5
5.324e-6, 1.1873e5
5.3522e-6, 1.1874e5
5.3805e-6, 1.1501e5
5.409e-6, 1.1502e5
5.4376e-6, 1.114e5
5.4663e-6, 1.079e5
5.4953e-6, 1.0791e5
5.5244e-6, 1.0792e5
5.5536e-6, 1.0793e5
5.583e-6, 1.0794e5
5.6125e-6, 1.0455e5
5.6423e-6, 1.0456e5
5.6422e-6, 1.0126e5
5.6721e-6, 1.0127e5
5.7021e-6, 1.0128e5
5.7323e-6, 1.0129e5
5.7627e-6, 1.013e5
5.7931e-6, 98117.6444
5.8238e-6, 95031.0105
5.8546e-6, 95041.4975
5.8856e-6, 95051.9857
5.9167e-6, 92061.7928
5.9481e-6, 92071.9522
5.9796e-6, 92082.1126
6.0112e-6, 89185.3475
6.043e-6, 89195.1894
6.075e-6, 89205.0324
6.1071e-6, 86398.7759
6.1395e-6, 86408.3103
6.172e-6, 86417.8458
6.2046e-6, 83699.27
6.2375e-6, 83708.5065
6.2705e-6, 83717.744
6.3036e-6, 81084.1094
6.337e-6, 81093.0573
6.3706e-6, 81102.0062
6.4043e-6, 78550.6588
6.4382e-6, 78559.3271
6.4723e-6, 78567.9964
6.5065e-6, 76096.3651
6.5409e-6, 76104.7626
6.5756e-6, 76113.161
6.6104e-6, 76121.5604
6.6453e-6, 73726.8902
6.6805e-6, 73735.0263
6.7159e-6, 71415.433
6.7514e-6, 71423.3139
6.7871e-6, 69176.4436
6.8231e-6, 69184.0775
6.8591e-6, 67007.6502
6.8954e-6, 67015.0447
6.9319e-6, 64906.8519
6.9686e-6, 62864.9798
7.0055e-6, 62871.9171
7.0426e-6, 62878.8553
7.0798e-6, 62885.7942
7.1173e-6, 62892.7338
7.155e-6, 60914.2227
7.1929e-6, 60920.9449
7.2309e-6, 59004.4634
7.2692e-6, 59010.9747
7.3076e-6, 57154.5779
7.3463e-6, 57160.8852
7.3851e-6, 55362.6895
7.4242e-6, 53621.0623
7.4635e-6, 53626.9796
7.503e-6, 51939.9553
7.5427e-6, 51945.687
7.5826e-6, 51951.4194
7.6227e-6, 50317.1057
7.6631e-6, 50322.6583
7.7037e-6, 50328.2116
7.7445e-6, 50333.7654
7.7854e-6, 48750.3408
7.8266e-6, 47216.7282
7.868e-6, 47221.9386
7.9096e-6, 45736.4074
7.9515e-6, 45741.4546
7.9935e-6, 44302.4969
8.0359e-6, 44307.386
8.0784e-6, 42913.5421
8.1211e-6, 42918.2777
8.1641e-6, 42923.0139
8.2074e-6, 42927.7506
8.2508e-6, 41577.308
8.2945e-6, 41581.8961
8.3383e-6, 40273.7921
8.3825e-6, 40278.2365
8.4268e-6, 39011.1436
8.4714e-6, 39015.4485
8.5162e-6, 37788.0811
8.5613e-6, 37792.2511
8.6066e-6, 36603.3636
8.6065e-6, 35447.9649
8.652e-6, 34332.8251
8.6519e-6, 33249.0968
8.6977e-6, 32203.1301
8.7437e-6, 31190.0679
8.7436e-6, 30205.5419
8.7898e-6, 29255.3209
8.7898e-6, 28331.8659
8.8362e-6, 27440.5878
8.883e-6, 27443.616
8.883e-6, 26577.3481
8.93e-6, 26580.281
8.9772e-6, 25744.1053
9.0247e-6, 25746.9462
9.0247e-6, 24934.2344
9.0725e-6, 24936.9859
9.1205e-6, 24939.7378
9.1204e-6, 24152.5058
9.1204e-6, 23390.123
9.1686e-6, 22654.3048
9.2171e-6, 21941.6343
9.2658e-6, 21251.3835
9.2657e-6, 20580.5756
9.3147e-6, 19933.1417
9.364e-6, 19306.0749
9.4135e-6, 18698.7348
9.4632e-6, 18110.5006
9.5134e-6, 18112.4992
9.5133e-6, 17540.7715
9.5637e-6, 17542.7071
9.5636e-6, 16988.9651
9.6141e-6, 16454.5177
9.665e-6, 15936.8833
9.7161e-6, 15435.5329
9.7675e-6, 14949.9542
9.7674e-6, 14478.0533
9.7673e-6, 14021.0482
9.819e-6, 14022.5955
9.8709e-6, 13581.4657
9.9231e-6, 13154.2131
9.9756e-6, 12740.4013
1.0028e-5, 12741.8073
1.0081e-5, 12340.9691
1.0135e-5, 12342.331
1.0135e-5, 11952.7408
1.0188e-5, 11954.0598
1.0242e-5, 11955.379
1.0297e-5, 11956.6983
1.0351e-5, 11580.5585
1.0406e-5, 11581.8364
1.0461e-5, 11217.4892
1.0516e-5, 11218.7271
1.0572e-5, 10865.8028
1.0628e-5, 10867.0019
1.0628e-5, 10523.9809
1.0684e-5, 10192.9123
1.0741e-5, 10194.0371
1.0797e-5, 9873.3479
1.0797e-5, 9561.6921
1.0854e-5, 9562.7473
1.0912e-5, 9261.9176
1.0969e-5, 8970.5516
1.1028e-5, 8971.5415
1.1086e-5, 8689.3103
1.1145e-5, 8415.9576
1.1204e-5, 8416.8862
1.1263e-5, 8152.1037
1.1322e-5, 7895.6508
1.1382e-5, 7896.5221
1.1442e-5, 7648.1093
1.1503e-5, 7648.9533
1.1564e-5, 7408.3287
1.1625e-5, 7175.2738
1.1686e-5, 6949.5505
1.1748e-5, 6730.9281
1.181e-5, 6519.1832
1.1873e-5, 6314.0994
1.1936e-5, 6115.4673
1.1999e-5, 5923.0839
1.2062e-5, 5736.7526
1.2126e-5, 5556.283
1.219e-5, 5381.4906
1.219e-5, 5211.6219
1.2254e-5, 5047.6721
1.2319e-5, 4888.8799
1.2319e-5, 4734.5606
1.2384e-5, 4735.0831
1.2384e-5, 4585.6183
1.245e-5, 4441.3617
1.2516e-5, 4301.6432
1.2515e-5, 4165.8601
1.2582e-5, 4166.3199
1.2582e-5, 4034.8085
1.2648e-5, 3907.8795
1.2715e-5, 3784.9434
1.2782e-5, 3665.8748
1.2782e-5, 3550.1601
1.285e-5, 3438.4774
1.2918e-5, 3330.3081
1.2918e-5, 3225.1857
1.2986e-5, 3123.7262
1.2986e-5, 3025.1246
1.3055e-5, 3025.4584
1.3124e-5, 2930.282
1.3123e-5, 2837.7866
1.3193e-5, 2748.5141
1.3263e-5, 2748.8174
1.3263e-5, 2662.05
1.3333e-5, 2578.3059
1.3403e-5, 2497.1962
1.3403e-5, 2418.3713
1.3403e-5, 2342.0345
1.3474e-5, 2268.3576
1.3545e-5, 2196.9985
1.3617e-5, 2127.8841
1.3617e-5, 2060.7168
1.3689e-5, 1995.8897
1.3761e-5, 1933.102
1.3834e-5, 1872.2894
1.3907e-5, 1813.3901
1.398e-5, 1756.3436
1.4054e-5, 1701.0916
1.4129e-5, 1647.5777
1.4203e-5, 1595.7475
1.4278e-5, 1545.5476
1.4278e-5, 1496.7619
1.4354e-5, 1449.676
1.443e-5, 1404.0714
1.4506e-5, 1359.9014
1.4583e-5, 1317.121
1.466e-5, 1275.6863
1.4737e-5, 1235.5551
1.4815e-5, 1196.6864
1.4894e-5, 1159.0405
1.4893e-5, 1122.4549
1.4972e-5, 1087.1442
1.5051e-5, 1052.9442
1.5131e-5, 1019.8202
1.5211e-5, 987.7382
1.5291e-5, 956.6654
1.5372e-5, 926.5702
1.5454e-5, 897.4217
1.5535e-5, 869.1901
1.5617e-5, 841.8467
1.5617e-5, 815.2735
1.57e-5, 789.6261
1.5783e-5, 764.7858
1.5866e-5, 740.7268
1.595e-5, 717.4245
1.6035e-5, 694.8555
1.6119e-5, 672.9964
1.6205e-5, 651.8249
1.629e-5, 631.3195
1.6376e-5, 611.4591
1.6376e-5, 592.1582
1.6463e-5, 573.5298
1.655e-5, 555.4874
1.6637e-5, 538.0126
1.6725e-5, 521.0875
1.6814e-5, 504.6949
1.6903e-5, 488.818
1.6992e-5, 473.4405
1.7082e-5, 458.5467
1.7172e-5, 444.1216
1.7172e-5, 430.1027
1.7263e-5, 416.5723
1.7354e-5, 403.4676
1.7446e-5, 390.7751
1.7538e-5, 378.4819
1.7631e-5, 366.5754
1.7724e-5, 355.0435
1.7818e-5, 343.8744
1.7912e-5, 333.0566
1.8007e-5, 322.5791
1.8007e-5, 312.3968
1.8102e-5, 302.5693
1.8197e-5, 293.0509
1.8294e-5, 293.0832
1.8391e-5, 293.1156
1.8488e-5, 293.1479
1.8488e-5, 283.8946
1.8586e-5, 283.9259
1.8586e-5, 274.9637
1.8684e-5, 274.994
1.8684e-5, 266.3138
1.8783e-5, 266.3431
1.8882e-5, 257.9644
1.8982e-5, 249.8492
1.9082e-5, 241.9893
1.9183e-5, 234.3767
1.9285e-5, 227.0036
1.9387e-5, 219.8624
1.9489e-5, 212.9458
1.9592e-5, 206.2469
1.9696e-5, 199.7587
1.98e-5, 193.4746
1.9905e-5, 187.3881
2.001e-5, 181.4932
2.0116e-5, 175.7837
2.0222e-5, 170.2538
2.0222e-5, 164.8797
2.0222e-5, 159.6752
2.0329e-5, 159.6928
2.0329e-5, 154.652
2.0436e-5, 154.6691
2.0436e-5, 149.7869
2.0544e-5, 149.8035
2.0544e-5, 145.0748
2.0653e-5, 140.511
2.0762e-5, 136.0907
2.0872e-5, 131.8094
2.0982e-5, 127.663
2.1093e-5, 123.6469
2.1205e-5, 119.7572
2.1317e-5, 115.9898
2.1429e-5, 112.3409
2.1543e-5, 108.8068
2.1657e-5, 108.8189
2.1772e-5, 108.8309
2.1887e-5, 108.8429
2.1887e-5, 105.4072
2.2003e-5, 105.4188
2.2119e-5, 102.1025
2.2236e-5, 98.8904
2.2353e-5, 95.7795
2.2472e-5, 92.7665
2.259e-5, 89.8481
2.271e-5, 87.0217
2.283e-5, 84.2841
2.2951e-5, 81.6327
2.3072e-5, 79.0646
2.3194e-5, 76.5774
2.3317e-5, 74.1684
2.344e-5, 71.8352
2.3564e-5, 69.5753
2.3688e-5, 67.3866
2.3814e-5, 65.2667
2.394e-5, 63.2135
2.4066e-5, 61.2248
2.4193e-5, 59.2989
2.4193e-5, 57.4271
2.4193e-5, 55.6143
2.4321e-5, 55.6205
2.4321e-5, 53.8648
2.445e-5, 52.1703
2.4579e-5, 50.5291
2.4709e-5, 48.9396
2.4839e-5, 47.4
2.4971e-5, 45.9089
2.5103e-5, 44.4646
2.5236e-5, 43.0658
2.5369e-5, 41.7111
2.5503e-5, 40.3989
2.5638e-5, 39.128
2.5774e-5, 39.1323
2.591e-5, 39.1366
2.6047e-5, 39.141
2.6047e-5, 37.9055
2.6185e-5, 37.9096
2.6185e-5, 36.713
2.6324e-5, 36.717
2.6323e-5, 35.5581
2.6463e-5, 35.562
2.6603e-5, 35.5659
2.6743e-5, 34.4471
2.6885e-5, 33.3634
2.7027e-5, 32.3139
2.717e-5, 31.2973
2.7314e-5, 30.3127
2.7458e-5, 29.3591
2.7603e-5, 28.4356
2.7749e-5, 28.4386
2.7896e-5, 27.5441
2.8044e-5, 26.6776
2.8192e-5, 25.8383
2.8341e-5, 25.0255
2.8491e-5, 24.2382
2.8641e-5, 23.4757
2.8793e-5, 23.4783
2.8945e-5, 22.7397
2.9098e-5, 22.0244
2.9252e-5, 21.3315
2.9407e-5, 20.6604
2.9562e-5, 20.0105
2.9719e-5, 19.381
2.9876e-5, 18.7713
3.0034e-5, 18.7734
3.0193e-5, 18.1828
3.0352e-5, 17.6108
3.0513e-5, 17.0568
3.0674e-5, 16.5202
3.0836e-5, 16.0005
3.0999e-5, 15.4971
3.1163e-5, 15.0096
3.1328e-5, 15.0113
3.1494e-5, 14.5391
3.1661e-5, 14.0817
3.1828e-5, 13.6387
3.1996e-5, 13.2096
3.2165e-5, 12.7941
3.2336e-5, 12.3916
3.2506e-5, 12.0018
3.2679e-5, 12.0031
3.2851e-5, 11.6255
3.3025e-5, 11.2598
3.32e-5, 10.9056
3.3375e-5, 10.5625
3.3552e-5, 10.2302
3.3729e-5, 9.9083
3.3908e-5, 9.9095
3.4087e-5, 9.5977
3.4267e-5, 9.2958
3.4448e-5, 9.0034
3.4631e-5, 8.7201
3.4814e-5, 8.4458
3.4998e-5, 8.1801
3.5183e-5, 7.9228
3.5369e-5, 7.9237
3.5556e-5, 7.6743
3.5744e-5, 7.433
3.5933e-5, 7.1991
3.6123e-5, 6.9727
3.6314e-5, 6.7532
3.6506e-5, 6.5409
3.6699e-5, 6.3351
3.6893e-5, 6.3357
3.7088e-5, 6.1365
3.7285e-5, 5.9434
3.7482e-5, 5.7565
3.768e-5, 5.5754
3.7879e-5, 5.4
3.8079e-5, 5.2301
3.8281e-5, 5.2307
3.8483e-5, 5.0661
3.8687e-5, 4.9068
3.8891e-5, 4.7524
3.9097e-5, 4.6029
3.9304e-5, 4.4581
3.9512e-5, 4.3179
3.9721e-5, 4.182
3.9931e-5, 4.1825
4.0142e-5, 4.0509
4.0354e-5, 3.9235
4.0568e-5, 3.9239
4.0782e-5, 3.8005
4.0998e-5, 3.6808
4.1215e-5, 3.6813
4.1433e-5, 3.5655
4.1652e-5, 3.4533
4.1873e-5, 3.4537
4.2094e-5, 3.3451
4.2317e-5, 3.3454
4.2541e-5, 3.2402
4.2766e-5, 3.1383
4.2992e-5, 3.1386
4.3219e-5, 3.0399
4.3448e-5, 2.9443
4.3678e-5, 2.9445
4.3909e-5, 2.8519
4.4141e-5, 2.8523
4.4375e-5, 2.7625
4.4609e-5, 2.6756
4.4846e-5, 2.6759
4.5083e-5, 2.5917
4.5321e-5, 2.5102
4.5561e-5, 2.5105
4.5802e-5, 2.4315
4.6045e-5, 2.4318
4.6288e-5, 2.3553
4.6533e-5, 2.2812
4.6779e-5, 2.2814
4.7027e-5, 2.2097
4.7275e-5, 2.1402
4.7526e-5, 2.1404
4.7525e-5, 2.0728
4.7777e-5, 2.0731
4.8029e-5, 2.0078
4.8283e-5, 1.9447
4.8539e-5, 1.9449
4.8539e-5, 1.8835
4.8796e-5, 1.8837
4.9054e-5, 1.8245
4.9313e-5, 1.8247
4.9575e-5, 1.8249
4.9837e-5, 1.7673
5.0101e-5, 1.7675
5.01e-5, 1.7118
5.0365e-5, 1.658
5.0632e-5, 1.6582
5.0899e-5, 1.6059
5.1169e-5, 1.5554
5.144e-5, 1.5556
5.1712e-5, 1.5558
5.1985e-5, 1.5069
5.2261e-5, 1.507
5.226e-5, 1.4595
5.2537e-5, 1.4596
5.2815e-5, 1.4598
5.3095e-5, 1.46
5.3376e-5, 1.4601
5.3659e-5, 1.4603
5.3943e-5, 1.4605
5.4228e-5, 1.4606
5.4515e-5, 1.4147
5.4804e-5, 1.4148
5.5094e-5, 1.415
5.5386e-5, 1.4151
5.5678e-5, 1.3706
5.5973e-5, 1.3708
5.6269e-5, 1.3276
5.6567e-5, 1.3277
5.6269e-5, 1.3276
5.5973e-5, 1.3275
5.5678e-5, 1.3706
5.5385e-5, 1.3705
5.5093e-5, 1.3703
5.4803e-5, 1.3702
5.4515e-5, 1.4147
5.4228e-5, 1.4144
5.3942e-5, 1.4144
5.4228e-5, 1.4144
5.3942e-5, 1.4144
5.3658e-5, 1.4142
5.3376e-5, 1.414
5.3094e-5, 1.4139
5.2815e-5, 1.4137
5.2537e-5, 1.4136
5.226e-5, 1.4134
5.1985e-5, 1.4133
5.1711e-5, 1.4592
5.1439e-5, 1.459
5.1168e-5, 1.5064
5.0899e-5, 1.5062
5.0631e-5, 1.5061
5.0363e-5, 1.4584
