#DataThief /Users/charlesblakemore/Stanford/beads/gravity/plots/limitplot_forthief_2.png Wednesday 28-Sep-2016 5:31:31 PM
1.3e-8, 8.8e17
1.3e-8, 8.8e17
1.3e-8, 8.4e17
1.3e-8, 8.1e17
1.3e-8, 7.8e17
1.3e-8, 7.4e17
1.3e-8, 7.1e17
1.4e-8, 6.8e17
1.4e-8, 6.5e17
1.4e-8, 6.3e17
1.4e-8, 6.0e17
1.4e-8, 5.8e17
1.4e-8, 5.5e17
1.4e-8, 5.3e17
1.4e-8, 5.1e17
1.4e-8, 4.8e17
1.4e-8, 4.6e17
1.4e-8, 4.5e17
1.5e-8, 4.3e17
1.5e-8, 4.1e17
1.5e-8, 3.9e17
1.5e-8, 3.8e17
1.5e-8, 3.6e17
1.5e-8, 3.4e17
1.5e-8, 3.3e17
1.5e-8, 3.2e17
1.5e-8, 3.0e17
1.5e-8, 2.9e17
1.5e-8, 2.8e17
1.5e-8, 2.7e17
1.5e-8, 2.6e17
1.6e-8, 2.5e17
1.6e-8, 2.3e17
1.6e-8, 2.2e17
1.6e-8, 2.2e17
1.6e-8, 2.1e17
1.6e-8, 2.0e17
1.6e-8, 1.9e17
1.6e-8, 1.8e17
1.6e-8, 1.7e17
1.7e-8, 1.7e17
1.7e-8, 1.6e17
1.7e-8, 1.5e17
1.7e-8, 1.5e17
1.7e-8, 1.5e17
1.7e-8, 1.5e17
1.7e-8, 1.4e17
1.7e-8, 1.4e17
1.7e-8, 1.3e17
1.7e-8, 1.3e17
1.7e-8, 1.3e17
1.7e-8, 1.3e17
1.7e-8, 1.2e17
1.8e-8, 1.2e17
1.8e-8, 1.2e17
1.8e-8, 1.2e17
1.8e-8, 1.1e17
1.8e-8, 1.1e17
1.8e-8, 1.1e17
1.8e-8, 1.1e17
1.8e-8, 1.0e17
1.8e-8, 1.0e17
1.8e-8, 1.0e17
1.8e-8, 9.6e16
1.9e-8, 9.2e16
1.9e-8, 8.8e16
1.9e-8, 8.4e16
1.9e-8, 8.1e16
1.9e-8, 8.1e16
1.9e-8, 7.7e16
1.9e-8, 7.7e16
1.9e-8, 7.4e16
1.9e-8, 7.4e16
1.9e-8, 7.1e16
1.9e-8, 7.1e16
1.9e-8, 6.8e16
2.0e-8, 6.8e16
2.0e-8, 6.5e16
2.0e-8, 6.5e16
2.0e-8, 6.3e16
2.0e-8, 6.3e16
2.0e-8, 6.0e16
2.0e-8, 6.0e16
2.0e-8, 5.7e16
2.0e-8, 5.5e16
2.0e-8, 5.3e16
2.0e-8, 5.1e16
2.0e-8, 4.8e16
2.1e-8, 4.6e16
2.1e-8, 4.6e16
2.1e-8, 4.6e16
2.1e-8, 4.4e16
2.1e-8, 4.3e16
2.1e-8, 4.3e16
2.1e-8, 4.1e16
2.1e-8, 4.1e16
2.1e-8, 3.9e16
2.2e-8, 3.9e16
2.2e-8, 3.8e16
2.2e-8, 3.8e16
2.2e-8, 3.8e16
2.2e-8, 3.6e16
2.2e-8, 3.4e16
2.2e-8, 3.3e16
2.2e-8, 3.2e16
2.3e-8, 3.0e16
2.3e-8, 3.0e16
2.3e-8, 2.9e16
2.3e-8, 2.8e16
2.3e-8, 2.7e16
2.3e-8, 2.6e16
2.4e-8, 2.4e16
2.4e-8, 2.3e16
2.4e-8, 2.3e16
2.4e-8, 2.2e16
2.4e-8, 2.2e16
2.4e-8, 2.1e16
2.5e-8, 2.0e16
2.5e-8, 1.9e16
2.5e-8, 1.9e16
2.5e-8, 1.8e16
2.5e-8, 1.7e16
2.5e-8, 1.7e16
2.6e-8, 1.7e16
2.6e-8, 1.6e16
2.6e-8, 1.5e16
2.6e-8, 1.5e16
2.6e-8, 1.4e16
2.7e-8, 1.4e16
2.7e-8, 1.3e16
2.7e-8, 1.3e16
2.7e-8, 1.2e16
2.7e-8, 1.2e16
2.8e-8, 1.2e16
2.8e-8, 1.1e16
2.8e-8, 1.1e16
2.8e-8, 1.0e16
2.8e-8, 1.0e16
2.9e-8, 1.0e16
2.9e-8, 9.6e15
2.9e-8, 9.2e15
2.9e-8, 9.2e15
2.9e-8, 8.8e15
3.0e-8, 8.4e15
3.0e-8, 8.1e15
3.0e-8, 7.7e15
3.0e-8, 7.7e15
3.0e-8, 7.4e15
3.1e-8, 7.1e15
3.1e-8, 6.8e15
3.1e-8, 6.8e15
3.1e-8, 6.5e15
3.1e-8, 6.3e15
3.2e-8, 6.3e15
3.2e-8, 6.0e15
3.2e-8, 5.7e15
3.2e-8, 5.5e15
3.3e-8, 5.5e15
3.3e-8, 5.3e15
3.3e-8, 5.1e15
3.3e-8, 5.1e15
3.4e-8, 4.8e15
3.4e-8, 4.6e15
3.4e-8, 4.6e15
3.4e-8, 4.4e15
3.5e-8, 4.3e15
3.5e-8, 4.1e15
3.5e-8, 4.1e15
3.5e-8, 3.9e15
3.5e-8, 3.8e15
3.6e-8, 3.8e15
3.6e-8, 3.6e15
3.6e-8, 3.4e15
3.7e-8, 3.4e15
3.7e-8, 3.3e15
3.7e-8, 3.2e15
3.7e-8, 3.2e15
3.8e-8, 3.0e15
3.8e-8, 3.0e15
3.8e-8, 2.9e15
3.8e-8, 2.8e15
3.9e-8, 2.7e15
3.9e-8, 2.6e15
3.9e-8, 2.6e15
3.9e-8, 2.4e15
4.0e-8, 2.3e15
4.0e-8, 2.3e15
4.0e-8, 2.2e15
4.1e-8, 2.2e15
4.1e-8, 2.2e15
4.1e-8, 2.2e15
4.1e-8, 2.1e15
4.2e-8, 2.0e15
4.2e-8, 2.0e15
4.2e-8, 1.9e15
4.3e-8, 1.9e15
4.3e-8, 1.8e15
4.3e-8, 1.8e15
4.3e-8, 1.7e15
4.4e-8, 1.7e15
4.4e-8, 1.7e15
4.4e-8, 1.6e15
4.4e-8, 1.6e15
4.4e-8, 1.5e15
4.5e-8, 1.5e15
4.5e-8, 1.4e15
4.5e-8, 1.3e15
4.5e-8, 1.3e15
4.6e-8, 1.3e15
4.6e-8, 1.2e15
4.6e-8, 1.2e15
4.6e-8, 1.1e15
4.6e-8, 1.1e15
4.7e-8, 1.1e15
4.7e-8, 1.0e15
4.7e-8, 1.0e15
4.7e-8, 9.6e14
4.7e-8, 9.2e14
4.7e-8, 8.8e14
4.7e-8, 8.4e14
4.8e-8, 8.1e14
4.8e-8, 7.7e14
4.8e-8, 7.4e14
4.8e-8, 7.1e14
4.8e-8, 6.8e14
4.9e-8, 6.5e14
4.9e-8, 6.3e14
4.9e-8, 6.0e14
4.9e-8, 5.7e14
5.0e-8, 5.5e14
5.0e-8, 5.3e14
5.0e-8, 5.1e14
5.0e-8, 4.8e14
5.1e-8, 4.6e14
5.1e-8, 4.4e14
5.2e-8, 4.3e14
5.2e-8, 4.1e14
5.2e-8, 3.9e14
5.2e-8, 3.8e14
5.3e-8, 3.6e14
5.3e-8, 3.4e14
5.3e-8, 3.3e14
5.3e-8, 3.2e14
5.4e-8, 3.0e14
5.4e-8, 2.9e14
5.4e-8, 2.8e14
5.5e-8, 2.7e14
5.5e-8, 2.6e14
5.5e-8, 2.4e14
5.5e-8, 2.3e14
5.5e-8, 2.3e14
5.5e-8, 2.2e14
5.6e-8, 2.2e14
5.6e-8, 2.2e14
5.6e-8, 2.1e14
5.7e-8, 2.0e14
5.7e-8, 1.9e14
5.8e-8, 1.8e14
5.8e-8, 1.7e14
5.8e-8, 1.7e14
5.8e-8, 1.6e14
5.9e-8, 1.5e14
5.9e-8, 1.5e14
6.0e-8, 1.4e14
6.0e-8, 1.3e14
6.1e-8, 1.3e14
6.1e-8, 1.2e14
6.1e-8, 1.2e14
6.1e-8, 1.1e14
6.2e-8, 1.1e14
6.2e-8, 1.1e14
6.2e-8, 1.0e14
6.3e-8, 1.0e14
6.3e-8, 1.0e14
6.3e-8, 9.6e13
6.4e-8, 9.2e13
6.4e-8, 8.8e13
6.4e-8, 8.4e13
6.5e-8, 8.1e13
6.5e-8, 7.7e13
6.5e-8, 7.4e13
6.6e-8, 7.1e13
6.6e-8, 6.8e13
6.7e-8, 6.5e13
6.7e-8, 6.3e13
6.8e-8, 6.0e13
6.8e-8, 5.7e13
6.9e-8, 5.5e13
6.9e-8, 5.5e13
6.9e-8, 5.3e13
7.0e-8, 5.3e13
7.0e-8, 5.1e13
7.0e-8, 4.8e13
7.1e-8, 4.8e13
7.1e-8, 4.6e13
7.1e-8, 4.4e13
7.2e-8, 4.4e13
7.2e-8, 4.3e13
7.2e-8, 4.3e13
7.2e-8, 4.1e13
7.3e-8, 4.1e13
7.3e-8, 3.9e13
7.3e-8, 3.9e13
7.3e-8, 3.7e13
7.4e-8, 3.7e13
7.4e-8, 3.6e13
7.4e-8, 3.6e13
7.5e-8, 3.4e13
7.5e-8, 3.3e13
7.6e-8, 3.2e13
7.6e-8, 3.2e13
7.7e-8, 3.0e13
7.7e-8, 2.9e13
7.7e-8, 2.9e13
7.8e-8, 2.8e13
7.8e-8, 2.7e13
7.9e-8, 2.7e13
7.9e-8, 2.6e13
7.9e-8, 2.4e13
8.0e-8, 2.4e13
8.0e-8, 2.3e13
8.0e-8, 2.3e13
8.0e-8, 2.2e13
8.1e-8, 2.2e13
8.1e-8, 2.2e13
8.1e-8, 2.2e13
8.1e-8, 2.1e13
8.2e-8, 2.1e13
8.3e-8, 2.1e13
8.3e-8, 2.0e13
8.4e-8, 1.9e13
8.4e-8, 1.8e13
8.4e-8, 1.7e13
8.5e-8, 1.7e13
8.5e-8, 1.7e13
8.5e-8, 1.6e13
8.6e-8, 1.6e13
8.7e-8, 1.6e13
8.7e-8, 1.5e13
8.8e-8, 1.5e13
8.9e-8, 1.4e13
8.9e-8, 1.3e13
9.0e-8, 1.3e13
9.0e-8, 1.3e13
9.1e-8, 1.2e13
9.2e-8, 1.2e13
9.2e-8, 1.2e13
9.3e-8, 1.1e13
9.4e-8, 1.1e13
9.4e-8, 1.1e13
9.5e-8, 1.0e13
9.6e-8, 1.0e13
9.6e-8, 1.0e13
9.7e-8, 9.6e12
9.8e-8, 9.6e12
9.8e-8, 9.2e12
9.9e-8, 8.8e12
1.0e-7, 8.8e12
1.0e-7, 8.4e12
1.0e-7, 8.1e12
1.0e-7, 8.1e12
1.0e-7, 7.7e12
1.0e-7, 7.4e12
1.0e-7, 7.4e12
1.0e-7, 7.1e12
1.1e-7, 6.8e12
1.1e-7, 6.8e12
1.1e-7, 6.5e12
1.1e-7, 6.3e12
1.1e-7, 6.3e12
1.1e-7, 6.0e12
1.1e-7, 5.7e12
1.1e-7, 5.7e12
1.1e-7, 5.5e12
1.1e-7, 5.5e12
1.1e-7, 5.3e12
1.1e-7, 5.1e12
1.1e-7, 5.1e12
1.2e-7, 4.8e12
1.2e-7, 4.6e12
1.2e-7, 4.6e12
1.2e-7, 4.4e12
1.2e-7, 4.3e12
1.2e-7, 4.3e12
1.2e-7, 4.1e12
1.2e-7, 3.9e12
1.2e-7, 3.9e12
1.2e-7, 3.7e12
1.2e-7, 3.6e12
1.3e-7, 3.6e12
1.3e-7, 3.4e12
1.3e-7, 3.3e12
1.3e-7, 3.3e12
1.3e-7, 3.2e12
1.3e-7, 3.2e12
1.3e-7, 3.0e12
1.3e-7, 2.9e12
1.3e-7, 2.9e12
1.3e-7, 2.8e12
1.3e-7, 2.7e12
1.4e-7, 2.7e12
1.4e-7, 2.6e12
1.4e-7, 2.4e12
1.4e-7, 2.4e12
1.4e-7, 2.3e12
1.4e-7, 2.2e12
1.4e-7, 2.2e12
1.4e-7, 2.2e12
1.4e-7, 2.1e12
1.4e-7, 2.1e12
1.4e-7, 2.0e12
1.5e-7, 1.9e12
1.5e-7, 1.9e12
1.5e-7, 1.8e12
1.5e-7, 1.8e12
1.5e-7, 1.7e12
1.5e-7, 1.7e12
1.5e-7, 1.7e12
1.5e-7, 1.6e12
1.5e-7, 1.5e12
1.6e-7, 1.5e12
1.6e-7, 1.5e12
1.6e-7, 1.4e12
1.6e-7, 1.4e12
1.6e-7, 1.3e12
1.6e-7, 1.3e12
1.6e-7, 1.3e12
1.6e-7, 1.2e12
1.6e-7, 1.2e12
1.7e-7, 1.2e12
1.7e-7, 1.1e12
1.7e-7, 1.1e12
1.7e-7, 1.1e12
1.7e-7, 1.0e12
1.7e-7, 1.0e12
1.7e-7, 1.0e12
1.7e-7, 9.6e11
1.8e-7, 9.6e11
1.8e-7, 9.2e11
1.8e-7, 9.2e11
1.8e-7, 8.8e11
1.8e-7, 8.8e11
1.8e-7, 8.4e11
1.8e-7, 8.4e11
1.8e-7, 8.1e11
1.9e-7, 8.1e11
1.9e-7, 7.7e11
1.9e-7, 7.7e11
1.9e-7, 7.7e11
1.9e-7, 7.4e11
1.9e-7, 7.4e11
1.9e-7, 7.1e11
1.9e-7, 7.1e11
2.0e-7, 6.8e11
2.0e-7, 6.8e11
2.0e-7, 6.5e11
2.0e-7, 6.5e11
2.0e-7, 6.5e11
2.0e-7, 6.3e11
2.0e-7, 6.3e11
2.1e-7, 6.0e11
2.1e-7, 6.0e11
2.1e-7, 5.7e11
2.1e-7, 5.7e11
2.1e-7, 5.5e11
2.1e-7, 5.5e11
2.1e-7, 5.3e11
2.2e-7, 5.3e11
2.2e-7, 5.3e11
2.2e-7, 5.1e11
2.2e-7, 5.1e11
2.2e-7, 4.8e11
2.2e-7, 4.8e11
2.3e-7, 4.6e11
2.3e-7, 4.6e11
2.3e-7, 4.4e11
2.3e-7, 4.4e11
2.3e-7, 4.4e11
2.3e-7, 4.3e11
2.4e-7, 4.3e11
2.4e-7, 4.1e11
2.4e-7, 4.1e11
2.4e-7, 3.9e11
2.4e-7, 3.8e11
2.4e-7, 3.8e11
2.5e-7, 3.6e11
2.5e-7, 3.6e11
2.5e-7, 3.4e11
2.5e-7, 3.3e11
2.5e-7, 3.3e11
2.5e-7, 3.2e11
2.6e-7, 3.2e11
2.6e-7, 3.2e11
2.6e-7, 3.0e11
2.6e-7, 3.0e11
2.6e-7, 2.9e11
2.6e-7, 2.9e11
2.7e-7, 2.9e11
2.7e-7, 2.9e11
2.7e-7, 2.9e11
2.7e-7, 2.9e11
2.7e-7, 2.8e11
2.7e-7, 2.8e11
2.8e-7, 2.8e11
2.8e-7, 2.8e11
2.8e-7, 2.8e11
2.8e-7, 2.7e11
2.8e-7, 2.7e11
2.9e-7, 2.6e11
2.9e-7, 2.6e11
2.9e-7, 2.5e11
2.9e-7, 2.5e11
3.0e-7, 2.5e11
3.0e-7, 2.3e11
3.0e-7, 2.3e11
3.0e-7, 2.3e11
3.0e-7, 2.3e11
3.1e-7, 2.2e11
3.1e-7, 2.2e11
3.1e-7, 2.2e11
3.1e-7, 2.1e11
3.1e-7, 2.1e11
3.2e-7, 2.1e11
3.2e-7, 2.0e11
3.2e-7, 2.0e11
3.2e-7, 2.0e11
3.3e-7, 2.0e11
3.3e-7, 2.0e11
3.3e-7, 1.9e11
3.3e-7, 1.9e11
3.3e-7, 1.8e11
3.4e-7, 1.7e11
3.4e-7, 1.7e11
3.4e-7, 1.7e11
3.4e-7, 1.7e11
3.5e-7, 1.6e11
3.5e-7, 1.5e11
3.5e-7, 1.5e11
3.5e-7, 1.5e11
3.6e-7, 1.4e11
3.6e-7, 1.3e11
3.6e-7, 1.3e11
3.6e-7, 1.3e11
3.7e-7, 1.2e11
3.7e-7, 1.2e11
3.7e-7, 1.2e11
3.7e-7, 1.1e11
3.8e-7, 1.1e11
3.8e-7, 1.1e11
3.8e-7, 1.0e11
3.9e-7, 1.0e11
3.9e-7, 1.0e11
3.9e-7, 9.6e10
3.9e-7, 9.2e10
4.0e-7, 9.2e10
4.0e-7, 8.8e10
4.0e-7, 8.4e10
4.0e-7, 8.1e10
4.1e-7, 8.1e10
4.1e-7, 7.8e10
4.1e-7, 7.4e10
4.2e-7, 7.1e10
4.2e-7, 7.1e10
4.2e-7, 6.8e10
4.3e-7, 6.5e10
4.3e-7, 6.5e10
4.3e-7, 6.3e10
4.3e-7, 6.0e10
4.4e-7, 6.0e10
4.4e-7, 5.8e10
4.4e-7, 5.5e10
4.5e-7, 5.5e10
4.5e-7, 5.3e10
4.5e-7, 5.1e10
4.6e-7, 5.1e10
4.6e-7, 4.9e10
4.6e-7, 4.6e10
4.7e-7, 4.6e10
4.7e-7, 4.5e10
4.7e-7, 4.3e10
4.8e-7, 4.1e10
4.8e-7, 4.1e10
4.8e-7, 3.9e10
4.9e-7, 3.8e10
4.9e-7, 3.8e10
4.9e-7, 3.6e10
5.0e-7, 3.4e10
5.0e-7, 3.4e10
5.0e-7, 3.3e10
5.1e-7, 3.2e10
5.1e-7, 3.0e10
5.1e-7, 3.0e10
5.2e-7, 2.9e10
5.2e-7, 2.8e10
5.3e-7, 2.8e10
5.3e-7, 2.7e10
5.3e-7, 2.6e10
5.4e-7, 2.6e10
5.4e-7, 2.5e10
5.4e-7, 2.3e10
5.5e-7, 2.3e10
5.5e-7, 2.3e10
5.6e-7, 2.2e10
5.6e-7, 2.1e10
5.6e-7, 2.1e10
5.7e-7, 2.0e10
5.7e-7, 1.9e10
5.8e-7, 1.9e10
5.8e-7, 1.8e10
5.8e-7, 1.7e10
5.9e-7, 1.7e10
5.9e-7, 1.7e10
6.0e-7, 1.6e10
6.0e-7, 1.6e10
6.0e-7, 1.5e10
6.1e-7, 1.5e10
6.1e-7, 1.5e10
6.2e-7, 1.4e10
6.2e-7, 1.3e10
6.3e-7, 1.3e10
6.3e-7, 1.3e10
6.4e-7, 1.3e10
6.4e-7, 1.2e10
6.4e-7, 1.2e10
6.5e-7, 1.2e10
6.5e-7, 1.1e10
6.6e-7, 1.1e10
6.6e-7, 1.1e10
6.7e-7, 1.0e10
6.7e-7, 1.0e10
6.8e-7, 1.0e10
6.8e-7, 9.6e9
6.9e-7, 9.2e9
6.9e-7, 9.2e9
7.0e-7, 8.8e9
7.0e-7, 8.4e9
7.1e-7, 8.1e9
7.1e-7, 8.1e9
7.2e-7, 7.8e9
7.2e-7, 7.4e9
7.3e-7, 7.4e9
7.3e-7, 7.1e9
7.4e-7, 6.8e9
7.4e-7, 6.8e9
7.5e-7, 6.5e9
7.5e-7, 6.3e9
7.6e-7, 6.3e9
7.6e-7, 6.0e9
7.7e-7, 6.0e9
7.7e-7, 5.8e9
7.8e-7, 5.5e9
7.8e-7, 5.5e9
7.9e-7, 5.3e9
8.0e-7, 5.1e9
8.0e-7, 5.1e9
8.1e-7, 4.9e9
8.1e-7, 4.6e9
8.2e-7, 4.6e9
8.2e-7, 4.5e9
8.3e-7, 4.3e9
8.4e-7, 4.3e9
8.4e-7, 4.1e9
8.5e-7, 3.9e9
8.5e-7, 3.9e9
8.6e-7, 3.8e9
8.7e-7, 3.6e9
8.7e-7, 3.6e9
8.8e-7, 3.4e9
8.8e-7, 3.3e9
8.9e-7, 3.3e9
9.0e-7, 3.2e9
9.0e-7, 3.0e9
9.1e-7, 3.0e9
9.2e-7, 2.9e9
9.2e-7, 2.8e9
9.3e-7, 2.8e9
9.4e-7, 2.7e9
9.4e-7, 2.6e9
9.5e-7, 2.6e9
9.6e-7, 2.5e9
9.6e-7, 2.4e9
9.7e-7, 2.4e9
9.8e-7, 2.3e9
9.8e-7, 2.2e9
9.9e-7, 2.2e9
1.0e-6, 2.1e9
1.0e-6, 2.0e9
1.0e-6, 2.0e9
1.0e-6, 1.9e9
1.0e-6, 1.8e9
1.0e-6, 1.8e9
1.0e-6, 1.7e9
1.0e-6, 1.7e9
1.1e-6, 1.7e9
1.1e-6, 1.6e9
1.1e-6, 1.5e9
1.1e-6, 1.5e9
1.1e-6, 1.5e9
1.1e-6, 1.4e9
1.1e-6, 1.4e9
1.1e-6, 1.4e9
1.1e-6, 1.3e9
1.1e-6, 1.3e9
1.1e-6, 1.2e9
1.1e-6, 1.2e9
1.1e-6, 1.2e9
1.2e-6, 1.1e9
1.2e-6, 1.1e9
1.2e-6, 1.1e9
1.2e-6, 1.0e9
1.2e-6, 1.0e9
1.2e-6, 1.0e9
1.2e-6, 1.0e9
1.2e-6, 9.6e8
1.2e-6, 9.2e8
1.2e-6, 9.2e8
1.2e-6, 8.8e8
1.2e-6, 8.4e8
1.3e-6, 8.1e8
1.3e-6, 8.1e8
1.3e-6, 7.8e8
1.3e-6, 7.4e8
1.3e-6, 7.4e8
1.3e-6, 7.1e8
1.3e-6, 6.8e8
1.3e-6, 6.8e8
1.3e-6, 6.5e8
1.3e-6, 6.3e8
1.3e-6, 6.3e8
1.4e-6, 6.0e8
1.4e-6, 5.8e8
1.4e-6, 5.8e8
1.4e-6, 5.5e8
1.4e-6, 5.3e8
1.4e-6, 5.3e8
1.4e-6, 5.1e8
1.4e-6, 5.1e8
1.4e-6, 4.9e8
1.4e-6, 4.7e8
1.5e-6, 4.7e8
1.5e-6, 4.5e8
1.5e-6, 4.5e8
1.5e-6, 4.3e8
1.5e-6, 4.3e8
1.5e-6, 4.1e8
1.5e-6, 3.9e8
1.5e-6, 3.9e8
1.5e-6, 3.8e8
1.6e-6, 3.6e8
1.6e-6, 3.6e8
1.6e-6, 3.5e8
1.6e-6, 3.3e8
1.6e-6, 3.3e8
1.6e-6, 3.2e8
1.6e-6, 3.0e8
1.6e-6, 3.0e8
1.6e-6, 2.9e8
1.7e-6, 2.8e8
1.7e-6, 2.8e8
1.7e-6, 2.7e8
1.7e-6, 2.7e8
1.7e-6, 2.6e8
1.7e-6, 2.5e8
1.7e-6, 2.5e8
1.7e-6, 2.4e8
1.8e-6, 2.4e8
1.8e-6, 2.3e8
1.8e-6, 2.2e8
1.8e-6, 2.2e8
1.8e-6, 2.1e8
1.8e-6, 2.1e8
1.8e-6, 2.0e8
1.8e-6, 1.9e8
1.9e-6, 1.9e8
1.9e-6, 1.8e8
1.9e-6, 1.7e8
1.9e-6, 1.7e8
1.9e-6, 1.7e8
1.9e-6, 1.6e8
1.9e-6, 1.6e8
1.9e-6, 1.5e8
2.0e-6, 1.5e8
2.0e-6, 1.5e8
2.0e-6, 1.4e8
2.0e-6, 1.4e8
2.0e-6, 1.4e8
2.0e-6, 1.3e8
2.0e-6, 1.2e8
2.1e-6, 1.2e8
2.1e-6, 1.2e8
2.1e-6, 1.1e8
2.1e-6, 1.1e8
2.1e-6, 1.1e8
2.1e-6, 1.1e8
2.1e-6, 1.0e8
2.2e-6, 1.0e8
2.2e-6, 1.0e8
2.2e-6, 9.6e7
2.2e-6, 9.2e7
2.2e-6, 9.2e7
2.2e-6, 8.8e7
2.3e-6, 8.5e7
2.3e-6, 8.5e7
2.3e-6, 8.1e7
2.3e-6, 7.8e7
2.3e-6, 7.8e7
2.3e-6, 7.4e7
2.4e-6, 7.1e7
2.4e-6, 7.1e7
2.4e-6, 6.8e7
2.4e-6, 6.8e7
2.4e-6, 6.5e7
2.4e-6, 6.5e7
2.5e-6, 6.3e7
2.5e-6, 6.3e7
2.5e-6, 6.0e7
2.5e-6, 5.8e7
2.5e-6, 5.8e7
2.5e-6, 5.5e7
2.6e-6, 5.3e7
2.6e-6, 5.3e7
2.6e-6, 5.1e7
2.6e-6, 4.9e7
2.6e-6, 4.9e7
2.7e-6, 4.7e7
2.7e-6, 4.5e7
2.7e-6, 4.5e7
2.7e-6, 4.3e7
2.7e-6, 4.3e7
2.7e-6, 4.1e7
2.8e-6, 4.1e7
2.8e-6, 3.9e7
2.8e-6, 3.9e7
2.8e-6, 3.8e7
2.8e-6, 3.6e7
2.9e-6, 3.6e7
2.9e-6, 3.5e7
2.9e-6, 3.3e7
2.9e-6, 3.2e7
2.9e-6, 3.2e7
3.0e-6, 3.0e7
3.0e-6, 2.9e7
3.0e-6, 2.9e7
3.0e-6, 2.8e7
3.1e-6, 2.8e7
3.1e-6, 2.7e7
3.1e-6, 2.7e7
3.1e-6, 2.6e7
3.1e-6, 2.5e7
3.1e-6, 2.5e7
3.1e-6, 2.4e7
3.2e-6, 2.4e7
3.2e-6, 2.3e7
3.2e-6, 2.3e7
3.2e-6, 2.2e7
3.3e-6, 2.1e7
3.3e-6, 2.1e7
3.3e-6, 2.0e7
3.3e-6, 2.0e7
3.3e-6, 2.0e7
3.3e-6, 2.0e7
3.4e-6, 1.9e7
3.4e-6, 1.9e7
3.4e-6, 1.8e7
3.4e-6, 1.7e7
3.5e-6, 1.7e7
3.5e-6, 1.7e7
3.5e-6, 1.6e7
3.5e-6, 1.6e7
3.6e-6, 1.5e7
3.6e-6, 1.5e7
3.6e-6, 1.5e7
3.6e-6, 1.4e7
3.7e-6, 1.4e7
3.7e-6, 1.4e7
3.7e-6, 1.3e7
3.7e-6, 1.3e7
3.7e-6, 1.2e7
3.7e-6, 1.2e7
3.8e-6, 1.2e7
3.8e-6, 1.1e7
3.8e-6, 1.1e7
3.8e-6, 1.0e7
3.9e-6, 1.0e7
3.9e-6, 1.0e7
3.9e-6, 9.6e6
3.9e-6, 9.2e6
3.9e-6, 8.8e6
3.9e-6, 8.5e6
3.9e-6, 8.1e6
4.0e-6, 8.1e6
4.0e-6, 7.8e6
4.0e-6, 7.4e6
4.0e-6, 7.1e6
4.0e-6, 6.8e6
4.0e-6, 6.5e6
4.0e-6, 6.3e6
4.0e-6, 6.0e6
4.0e-6, 5.8e6
4.1e-6, 5.5e6
4.1e-6, 5.3e6
4.1e-6, 5.1e6
4.1e-6, 4.9e6
4.2e-6, 4.7e6
4.2e-6, 4.5e6
4.2e-6, 4.3e6
4.2e-6, 4.1e6
4.2e-6, 3.9e6
4.2e-6, 3.8e6
4.3e-6, 3.6e6
4.3e-6, 3.5e6
4.3e-6, 3.3e6
4.3e-6, 3.2e6
4.4e-6, 3.0e6
4.4e-6, 2.9e6
4.4e-6, 2.8e6
4.4e-6, 2.7e6
4.4e-6, 2.6e6
4.5e-6, 2.5e6
4.5e-6, 2.4e6
4.5e-6, 2.3e6
4.5e-6, 2.2e6
4.6e-6, 2.1e6
4.6e-6, 2.0e6
4.6e-6, 1.9e6
4.7e-6, 1.8e6
4.7e-6, 1.7e6
4.7e-6, 1.7e6
4.8e-6, 1.6e6
4.8e-6, 1.5e6
4.8e-6, 1.5e6
4.9e-6, 1.4e6
4.9e-6, 1.4e6
4.9e-6, 1.3e6
5.0e-6, 1.2e6
5.0e-6, 1.2e6
5.0e-6, 1.1e6
5.1e-6, 1.1e6
5.1e-6, 1.0e6
5.1e-6, 1.0e6
5.1e-6, 9.6e5
5.2e-6, 9.2e5
5.2e-6, 8.8e5
5.2e-6, 8.8e5
5.3e-6, 8.8e5
5.3e-6, 8.4e5
5.3e-6, 8.4e5
5.3e-6, 8.1e5
5.4e-6, 8.1e5
5.4e-6, 7.8e5
5.4e-6, 7.8e5
5.4e-6, 7.4e5
5.4e-6, 7.4e5
5.4e-6, 7.1e5
5.5e-6, 7.1e5
5.5e-6, 6.8e5
5.5e-6, 6.8e5
5.5e-6, 6.5e5
5.5e-6, 6.5e5
5.6e-6, 6.3e5
5.6e-6, 6.0e5
5.7e-6, 5.8e5
5.7e-6, 5.5e5
5.7e-6, 5.3e5
5.7e-6, 5.1e5
5.7e-6, 4.9e5
5.7e-6, 4.6e5
5.7e-6, 4.5e5
5.8e-6, 4.3e5
5.8e-6, 4.3e5
5.8e-6, 4.1e5
5.9e-6, 3.9e5
5.9e-6, 3.9e5
6.0e-6, 3.8e5
6.0e-6, 3.6e5
6.0e-6, 3.6e5
6.0e-6, 3.4e5
6.1e-6, 3.3e5
6.1e-6, 3.2e5
6.2e-6, 3.0e5
6.2e-6, 2.9e5
6.3e-6, 2.8e5
6.3e-6, 2.7e5
6.3e-6, 2.6e5
6.4e-6, 2.5e5
6.4e-6, 2.3e5
6.4e-6, 2.3e5
6.5e-6, 2.2e5
6.5e-6, 2.1e5
6.5e-6, 2.0e5
6.5e-6, 1.9e5
6.6e-6, 1.8e5
6.6e-6, 1.7e5
6.7e-6, 1.7e5
6.7e-6, 1.6e5
6.8e-6, 1.5e5
6.8e-6, 1.5e5
6.9e-6, 1.4e5
6.9e-6, 1.3e5
6.9e-6, 1.3e5
6.9e-6, 1.2e5
7.0e-6, 1.2e5
7.0e-6, 1.1e5
7.1e-6, 1.1e5
7.1e-6, 1.0e5
7.2e-6, 1.0e5
7.2e-6, 9.6e4
7.3e-6, 9.2e4
7.3e-6, 8.8e4
7.4e-6, 8.4e4
7.4e-6, 8.1e4
7.5e-6, 7.8e4
7.5e-6, 7.4e4
7.6e-6, 7.1e4
7.6e-6, 6.8e4
7.7e-6, 6.5e4
7.7e-6, 6.3e4
7.8e-6, 6.0e4
7.8e-6, 5.8e4
7.8e-6, 5.5e4
7.9e-6, 5.3e4
7.9e-6, 5.1e4
8.0e-6, 4.8e4
8.1e-6, 4.6e4
8.1e-6, 4.5e4
8.2e-6, 4.3e4
8.2e-6, 4.1e4
8.2e-6, 3.9e4
8.3e-6, 3.8e4
8.3e-6, 3.6e4
8.4e-6, 3.4e4
8.5e-6, 3.3e4
8.5e-6, 3.2e4
8.6e-6, 3.0e4
8.6e-6, 2.9e4
8.7e-6, 2.8e4
8.7e-6, 2.7e4
8.8e-6, 2.6e4
8.8e-6, 2.5e4
8.9e-6, 2.3e4
9.0e-6, 2.3e4
9.0e-6, 2.2e4
9.1e-6, 2.1e4
9.1e-6, 2.0e4
9.1e-6, 1.9e4
9.2e-6, 1.8e4
9.3e-6, 1.7e4
9.3e-6, 1.7e4
9.4e-6, 1.6e4
9.5e-6, 1.5e4
9.5e-6, 1.5e4
9.6e-6, 1.4e4
9.7e-6, 1.3e4
9.7e-6, 1.3e4
9.8e-6, 1.3e4
9.9e-6, 1.3e4
9.9e-6, 1.2e4
1.0e-5, 1.2e4
1.0e-5, 1.2e4
1.0e-5, 1.1e4
1.0e-5, 1.1e4
1.0e-5, 1.1e4
1.0e-5, 1.1e4
1.0e-5, 1.0e4
1.1e-5, 1.0e4
1.1e-5, 1.0e4
1.1e-5, 9.6e3
1.1e-5, 9.2e3
1.1e-5, 9.2e3
1.1e-5, 8.8e3
1.1e-5, 8.4e3
1.1e-5, 8.4e3
1.1e-5, 8.1e3
1.1e-5, 7.7e3
1.1e-5, 7.7e3
1.1e-5, 7.4e3
1.1e-5, 7.1e3
1.2e-5, 6.8e3
1.2e-5, 6.8e3
1.2e-5, 6.5e3
1.2e-5, 6.3e3
1.2e-5, 6.3e3
1.2e-5, 6.3e3
1.2e-5, 6.0e3
1.2e-5, 5.7e3
1.2e-5, 5.5e3
1.2e-5, 5.3e3
1.2e-5, 5.1e3
1.2e-5, 4.8e3
1.3e-5, 4.6e3
1.3e-5, 4.5e3
1.3e-5, 4.3e3
1.3e-5, 4.1e3
1.3e-5, 3.9e3
1.3e-5, 3.8e3
1.3e-5, 3.6e3
1.3e-5, 3.4e3
1.3e-5, 3.3e3
1.3e-5, 3.2e3
1.3e-5, 3.0e3
1.3e-5, 2.9e3
1.3e-5, 2.8e3
1.3e-5, 2.7e3
1.3e-5, 2.6e3
1.3e-5, 2.4e3
1.3e-5, 2.3e3
1.3e-5, 2.2e3
1.3e-5, 2.2e3
1.3e-5, 2.1e3
1.3e-5, 2.0e3
1.4e-5, 1.9e3
1.4e-5, 1.8e3
1.4e-5, 1.7e3
1.4e-5, 1.7e3
1.4e-5, 1.6e3
1.4e-5, 1.5e3
1.4e-5, 1.5e3
1.4e-5, 1.4e3
1.4e-5, 1.3e3
1.4e-5, 1.3e3
1.4e-5, 1.2e3
1.5e-5, 1.2e3
1.5e-5, 1.1e3
1.5e-5, 1.1e3
1.5e-5, 1.0e3
1.5e-5, 1.0e3
1.5e-5, 9.6e2
1.5e-5, 9.2e2
1.5e-5, 8.8e2
1.5e-5, 8.4e2
1.5e-5, 8.1e2
1.5e-5, 7.7e2
1.5e-5, 7.4e2
1.6e-5, 7.1e2
1.6e-5, 6.8e2
1.6e-5, 6.5e2
1.6e-5, 6.3e2
1.6e-5, 6.0e2
1.6e-5, 5.7e2
1.6e-5, 5.5e2
1.6e-5, 5.3e2
1.7e-5, 5.1e2
1.7e-5, 4.8e2
1.7e-5, 4.6e2
1.7e-5, 4.4e2
1.7e-5, 4.3e2
1.7e-5, 4.1e2
1.7e-5, 3.9e2
1.7e-5, 3.7e2
1.7e-5, 3.6e2
1.7e-5, 3.4e2
1.7e-5, 3.3e2
1.8e-5, 3.2e2
1.8e-5, 3.0e2
1.8e-5, 2.9e2
1.8e-5, 2.8e2
1.8e-5, 2.7e2
1.8e-5, 2.6e2
1.8e-5, 2.4e2
1.8e-5, 2.3e2
1.9e-5, 2.2e2
1.9e-5, 2.2e2
1.9e-5, 2.1e2
1.9e-5, 2.0e2
1.9e-5, 2.0e2
1.9e-5, 2.0e2
1.9e-5, 1.9e2
1.9e-5, 1.9e2
1.9e-5, 1.8e2
2.0e-5, 1.8e2
2.0e-5, 1.7e2
2.0e-5, 1.7e2
2.0e-5, 1.7e2
2.0e-5, 1.7e2
2.0e-5, 1.6e2
2.0e-5, 1.5e2
2.0e-5, 1.5e2
2.0e-5, 1.5e2
2.1e-5, 1.4e2
2.1e-5, 1.3e2
2.1e-5, 1.3e2
2.1e-5, 1.2e2
2.1e-5, 1.2e2
2.1e-5, 1.1e2
2.1e-5, 1.1e2
2.2e-5, 1.0e2
2.2e-5, 100.0
2.2e-5, 95.8
2.2e-5, 95.8
2.2e-5, 91.8
2.2e-5, 91.8
2.2e-5, 88.0
2.2e-5, 88.0
2.2e-5, 84.3
2.2e-5, 84.3
2.2e-5, 80.8
2.2e-5, 80.8
2.2e-5, 77.4
2.2e-5, 74.2
2.3e-5, 71.1
2.3e-5, 68.1
2.3e-5, 65.3
2.3e-5, 62.5
2.3e-5, 59.9
2.3e-5, 57.4
2.4e-5, 55.0
2.4e-5, 52.7
2.4e-5, 50.5
2.4e-5, 48.4
2.4e-5, 48.4
2.4e-5, 46.4
2.4e-5, 46.4
2.4e-5, 44.5
2.5e-5, 44.5
2.5e-5, 42.6
2.5e-5, 42.6
2.5e-5, 42.6
2.5e-5, 40.8
2.5e-5, 40.8
2.5e-5, 39.1
2.5e-5, 39.1
2.6e-5, 39.1
2.6e-5, 37.5
2.6e-5, 35.9
2.6e-5, 34.4
2.6e-5, 33.0
2.6e-5, 31.6
2.7e-5, 30.3
2.7e-5, 29.0
2.7e-5, 27.8
2.7e-5, 27.8
2.7e-5, 26.6
2.8e-5, 25.5
2.8e-5, 24.5
2.8e-5, 23.4
2.8e-5, 22.5
2.8e-5, 21.5
2.9e-5, 21.5
2.9e-5, 20.6
2.9e-5, 19.8
2.9e-5, 18.9
2.9e-5, 18.2
3.0e-5, 17.4
3.0e-5, 16.7
3.0e-5, 16.0
3.0e-5, 16.0
3.0e-5, 15.3
3.1e-5, 14.7
3.1e-5, 14.1
3.1e-5, 13.5
3.1e-5, 12.9
3.2e-5, 12.4
3.2e-5, 11.9
3.2e-5, 11.9
3.2e-5, 11.4
3.2e-5, 10.9
3.3e-5, 10.4
3.3e-5, 10.0
3.3e-5, 9.6
3.3e-5, 9.2
3.4e-5, 9.2
3.4e-5, 8.8
3.4e-5, 8.4
3.4e-5, 8.1
3.5e-5, 7.7
3.5e-5, 7.4
3.5e-5, 7.1
3.5e-5, 6.8
3.6e-5, 6.8
3.6e-5, 6.5
3.6e-5, 6.3
3.6e-5, 6.0
3.7e-5, 5.7
3.7e-5, 5.5
3.7e-5, 5.3
3.7e-5, 5.1
3.8e-5, 5.1
3.8e-5, 4.8
3.8e-5, 4.6
3.8e-5, 4.4
3.9e-5, 4.3
3.9e-5, 4.1
3.9e-5, 3.9
3.9e-5, 3.9
4.0e-5, 3.7
4.0e-5, 3.6
4.0e-5, 3.4
4.1e-5, 3.4
4.1e-5, 3.3
4.1e-5, 3.2
4.1e-5, 3.2
4.2e-5, 3.0
4.2e-5, 3.0
4.2e-5, 2.9
4.3e-5, 2.8
4.3e-5, 2.8
4.3e-5, 2.7
4.4e-5, 2.6
4.4e-5, 2.6
4.4e-5, 2.4
4.5e-5, 2.4
4.5e-5, 2.3
4.5e-5, 2.2
4.5e-5, 2.2
4.6e-5, 2.2
4.6e-5, 2.1
4.6e-5, 2.1
4.7e-5, 2.0
4.7e-5, 2.0
4.7e-5, 1.9
4.8e-5, 1.8
4.8e-5, 1.8
4.8e-5, 1.7
4.8e-5, 1.7
4.9e-5, 1.7
4.9e-5, 1.6
4.9e-5, 1.5
4.9e-5, 1.5
5.0e-5, 1.5
5.0e-5, 1.4
