% Model:              new_trap_efield_far.mph
% Version:            COMSOL 5.0.0.243
% Date:               Dec 2 2019, 12:55
% Dimension:          3
% Nodes:              1001
% Expressions:        1
% Description:        Electric field, z component
% Length unit:        m
% x                       y                        z                        es.Ez (V/m)
-8.673617379884035E-19    6.938893903907228E-18    -0.012987012987013288    -0.12597745094508386
-8.673617379884035E-19    6.938893903907228E-18    -0.012961038961039261    -0.12610536719425258
-8.673617379884035E-19    6.938893903907228E-18    -0.012935064935065235    -0.12615206704792767
-8.673617379884035E-19    6.938893903907228E-18    -0.012909090909091208    -0.12626942649651962
-8.673617379884035E-19    6.938893903907228E-18    -0.012883116883117182    -0.12638678594511346
-8.673617379884035E-19    6.938893903907228E-18    -0.012857142857143157    -0.1265041453937082
-8.673617379884035E-19    6.938893903907228E-18    -0.01283116883116913     -0.12662150484230045
-8.673617379884035E-19    6.938893903907228E-18    -0.012805194805195104    -0.1267388642908941
-8.673617379884035E-19    6.938893903907228E-18    -0.012779220779221077    -0.12685622373948816
-8.673617379884035E-19    6.938893903907228E-18    -0.012753246753247051    -0.12697358318808122
-8.673617379884035E-19    6.938893903907228E-18    -0.012727272727273024    -0.12709094263667525
-8.673617379884035E-19    6.938893903907228E-18    -0.012701298701298998    -0.12720830208526496
-8.673617379884035E-19    6.938893903907228E-18    -0.012675324675324971    -0.12734928058801287
-8.673617379884035E-19    6.938893903907228E-18    -0.012649350649350945    -0.12749138291647133
-8.673617379884035E-19    6.938893903907228E-18    -0.01262337662337692     -0.12785535779291418
-8.673617379884035E-19    6.938893903907228E-18    -0.012597402597402893    -0.1281601220224334
-8.673617379884035E-19    6.938893903907228E-18    -0.012571428571428865    -0.12846488625195263
-8.673617379884035E-19    6.938893903907228E-18    -0.01254545454545484     -0.12876965048147193
-8.673617379884035E-19    6.938893903907228E-18    -0.012519480519480814    -0.12907441471099107
-8.673617379884035E-19    6.938893903907228E-18    -0.012493506493506787    -0.1293791789405103
-8.673617379884035E-19    6.938893903907228E-18    -0.01246753246753276     -0.1296839431700296
-8.673617379884035E-19    6.938893903907228E-18    -0.012441558441558734    -0.13001386100686874
-8.673617379884035E-19    6.938893903907228E-18    -0.012415584415584708    -0.13042946997913424
-8.673617379884035E-19    6.938893903907228E-18    -0.012389610389610681    -0.1308450789513995
-8.673617379884035E-19    6.938893903907228E-18    -0.012363636363636656    -0.13126068792366485
-8.673617379884035E-19    6.938893903907228E-18    -0.01233766233766263     -0.13167629689593024
-8.673617379884035E-19    6.938893903907228E-18    -0.012311688311688601    -0.13209190586819564
-8.673617379884035E-19    6.938893903907228E-18    -0.012285714285714577    -0.1323978673201326
-8.673617379884035E-19    6.938893903907228E-18    -0.01225974025974055     -0.1329457032160215
-8.673617379884035E-19    6.938893903907228E-18    -0.012233766233766522    -0.13349353911191075
-8.673617379884035E-19    6.938893903907228E-18    -0.012207792207792495    -0.1340413750077997
-8.673617379884035E-19    6.938893903907228E-18    -0.01218181818181847     -0.1345892109036887
-8.673617379884035E-19    6.938893903907228E-18    -0.012155844155844446    -0.1351370467995776
-8.673617379884035E-19    6.938893903907228E-18    -0.012129870129870417    -0.13585315537169573
-8.673617379884035E-19    6.938893903907228E-18    -0.012103896103896393    -0.13643914154923611
-8.673617379884035E-19    6.938893903907228E-18    -0.012077922077922366    -0.1370450868884266
-8.673617379884035E-19    6.938893903907228E-18    -0.012051948051948338    -0.1373154520282538
-8.673617379884035E-19    6.938893903907228E-18    -0.012025974025974313    -0.13807314284263666
-8.673617379884035E-19    6.938893903907228E-18    -0.012000000000000286    -0.1388308336570197
-8.673617379884035E-19    6.938893903907228E-18    -0.011974025974026258    -0.13958852447140258
-8.673617379884035E-19    6.938893903907228E-18    -0.011948051948052232    -0.1403262215715388
-8.673617379884035E-19    6.938893903907228E-18    -0.011922077922078209    -0.14105030804466678
-8.673617379884035E-19    6.938893903907228E-18    -0.011896103896104182    -0.14177439451779447
-8.673617379884035E-19    6.938893903907228E-18    -0.011870129870130154    -0.1424984809909226
-8.673617379884035E-19    6.938893903907228E-18    -0.011844155844156129    -0.1429960481372227
-8.673617379884035E-19    6.938893903907228E-18    -0.011818181818182102    -0.14453938307024733
-8.673617379884035E-19    6.938893903907228E-18    -0.011792207792208074    -0.14480278614594594
-8.673617379884035E-19    6.938893903907228E-18    -0.011766233766234048    -0.14576578431356457
-8.673617379884035E-19    6.938893903907228E-18    -0.011740259740260023    -0.1467287824811821
-8.673617379884035E-19    6.938893903907228E-18    -0.011714285714285995    -0.14769178064880062
-8.673617379884035E-19    6.938893903907228E-18    -0.01168831168831197     -0.14862754211869367
-8.673617379884035E-19    6.938893903907228E-18    -0.011662337662337945    -0.1495597024070372
-8.673617379884035E-19    6.938893903907228E-18    -0.011636363636363917    -0.1504918626953809
-8.673617379884035E-19    6.938893903907228E-18    -0.01161038961038989     -0.15142402298372476
-8.673617379884035E-19    6.938893903907228E-18    -0.011584415584415864    -0.15234074690322774
-8.673617379884035E-19    6.938893903907228E-18    -0.011558441558441839    -0.15325605162605083
-8.673617379884035E-19    6.938893903907228E-18    -0.01153246753246781     -0.15417135634887325
-8.673617379884035E-19    6.938893903907228E-18    -0.011506493506493784    -0.15527721100590444
-8.673617379884035E-19    6.938893903907228E-18    -0.01148051948051976     -0.15661442152019475
-8.673617379884035E-19    6.938893903907228E-18    -0.011454545454545731    -0.1578554653052903
-8.673617379884035E-19    6.938893903907228E-18    -0.011428571428571706    -0.1590965090903859
-8.673617379884035E-19    6.938893903907228E-18    -0.011402597402597681    -0.1603375528754815
-8.673617379884035E-19    6.938893903907228E-18    -0.011376623376623653    -0.16157859666057733
-8.673617379884035E-19    6.938893903907228E-18    -0.011350649350649627    -0.16281964044567288
-8.673617379884035E-19    6.938893903907228E-18    -0.0113246753246756      -0.1640606842307684
-8.673617379884035E-19    6.938893903907228E-18    -0.011298701298701575    -0.16523855637953444
-8.673617379884035E-19    6.938893903907228E-18    -0.011272727272727547    -0.16646210595715183
-8.673617379884035E-19    6.938893903907228E-18    -0.01124675324675352     -0.16768565553476916
-8.673617379884035E-19    6.938893903907228E-18    -0.011220779220779496    -0.16890920511238683
-8.673617379884035E-19    6.938893903907228E-18    -0.011194805194805469    -0.1701327546900039
-8.673617379884035E-19    6.938893903907228E-18    -0.011168831168831442    -0.17135630426762183
-8.673617379884035E-19    6.938893903907228E-18    -0.011142857142857416    -0.17353051808822606
-8.673617379884035E-19    6.938893903907228E-18    -0.01111688311688339     -0.17510748477935173
-8.673617379884035E-19    6.938893903907228E-18    -0.011090909090909363    -0.1766844514704765
-8.673617379884035E-19    6.938893903907228E-18    -0.011064935064935336    -0.1782614181616018
-8.673617379884035E-19    6.938893903907228E-18    -0.01103896103896131     -0.17841120450707126
-8.673617379884035E-19    6.938893903907228E-18    -0.011012987012987283    -0.18065714838406688
-8.673617379884035E-19    6.938893903907228E-18    -0.010987012987013257    -0.18252146697600552
-8.673617379884035E-19    6.938893903907228E-18    -0.010961038961039232    -0.18438578556794355
-8.673617379884035E-19    6.938893903907228E-18    -0.010935064935065205    -0.1862501041598822
-8.673617379884035E-19    6.938893903907228E-18    -0.010909090909091179    -0.18811442275182028
-8.673617379884035E-19    6.938893903907228E-18    -0.010883116883117152    -0.18997874134375897
-8.673617379884035E-19    6.938893903907228E-18    -0.010857142857143126    -0.19184305993569753
-8.673617379884035E-19    6.938893903907228E-18    -0.0108311688311691      -0.1937073785276362
-8.673617379884035E-19    6.938893903907228E-18    -0.010805194805195073    -0.19557169711957414
-8.673617379884035E-19    6.938893903907228E-18    -0.010779220779221048    -0.1972422768172813
-8.673617379884035E-19    6.938893903907228E-18    -0.01075324675324702     -0.198972214064424
-8.673617379884035E-19    6.938893903907228E-18    -0.010727272727272995    -0.20070215131156732
-8.673617379884035E-19    6.938893903907228E-18    -0.010701298701298968    -0.20243208855871014
-8.673617379884035E-19    6.938893903907228E-18    -0.010675324675324942    -0.20416202580585288
-8.673617379884035E-19    6.938893903907228E-18    -0.010649350649350915    -0.20684097301025783
-8.673617379884035E-19    6.938893903907228E-18    -0.010623376623376889    -0.2091413106871719
-8.673617379884035E-19    6.938893903907228E-18    -0.010597402597402862    -0.21144164836408708
-8.673617379884035E-19    6.938893903907228E-18    -0.010571428571428836    -0.2137419860410012
-8.673617379884035E-19    6.938893903907228E-18    -0.010545454545454809    -0.21604232371791537
-8.673617379884035E-19    6.938893903907228E-18    -0.010519480519480782    -0.2183426613948298
-8.673617379884035E-19    6.938893903907228E-18    -0.010493506493506756    -0.22064299907174492
-8.673617379884035E-19    6.938893903907228E-18    -0.010467532467532731    -0.22337874184453665
-8.673617379884035E-19    6.938893903907228E-18    -0.010441558441558705    -0.22549441640056175
-8.673617379884035E-19    6.938893903907228E-18    -0.010415584415584678    -0.22799392952044104
-8.673617379884035E-19    6.938893903907228E-18    -0.010389610389610652    -0.230493442640321
-8.673617379884035E-19    6.938893903907228E-18    -0.010363636363636625    -0.2329929557601993
-8.673617379884035E-19    6.938893903907228E-18    -0.010337662337662598    -0.23549246888007863
-8.673617379884035E-19    6.938893903907228E-18    -0.010311688311688572    -0.2379919819999582
-8.673617379884035E-19    6.938893903907228E-18    -0.010285714285714545    -0.2404914951198374
-8.673617379884035E-19    6.938893903907228E-18    -0.01025974025974052     -0.24337170486570758
-8.673617379884035E-19    6.938893903907228E-18    -0.010233766233766494    -0.24638306645079622
-8.673617379884035E-19    6.938893903907228E-18    -0.010207792207792468    -0.2493944280358859
-8.673617379884035E-19    6.938893903907228E-18    -0.010181818181818441    -0.25240578962097454
-8.673617379884035E-19    6.938893903907228E-18    -0.010155844155844414    -0.2554171512060654
-8.673617379884035E-19    6.938893903907228E-18    -0.010129870129870388    -0.25842851279115403
-8.673617379884035E-19    6.938893903907228E-18    -0.010103896103896361    -0.2614011642555728
-8.673617379884035E-19    6.938893903907228E-18    -0.010077922077922335    -0.26430228388935356
-8.673617379884035E-19    6.938893903907228E-18    -0.010051948051948308    -0.26757271371532776
-8.673617379884035E-19    6.938893903907228E-18    -0.010025974025974282    -0.2708431435413006
-8.673617379884035E-19    6.938893903907228E-18    -0.010000000000000255    -0.2741135733672737
-8.673617379884035E-19    6.938893903907228E-18    -0.00997402597402623     -0.27738400319324563
-8.673617379884035E-19    6.938893903907228E-18    -0.009948051948052204    -0.28065443301921833
-8.673617379884035E-19    6.938893903907228E-18    -0.009922077922078176    -0.28392486284519247
-8.673617379884035E-19    6.938893903907228E-18    -0.00989610389610415     -0.2881021180770029
-8.673617379884035E-19    6.938893903907228E-18    -0.009870129870130124    -0.291769616508178
-8.673617379884035E-19    6.938893903907228E-18    -0.009844155844156096    -0.2954371149393521
-8.673617379884035E-19    6.938893903907228E-18    -0.009818181818182071    -0.2991046133705271
-8.673617379884035E-19    6.938893903907228E-18    -0.009792207792208046    -0.30277211180169966
-8.673617379884035E-19    6.938893903907228E-18    -0.00976623376623402     -0.3064396102328748
-8.673617379884035E-19    6.938893903907228E-18    -0.009740259740259992    -0.3101020916251644
-8.673617379884035E-19    6.938893903907228E-18    -0.009714285714285967    -0.3144446441948068
-8.673617379884035E-19    6.938893903907228E-18    -0.00968831168831194     -0.3187639064420241
-8.673617379884035E-19    6.938893903907228E-18    -0.009662337662337912    -0.32308316868923714
-8.673617379884035E-19    6.938893903907228E-18    -0.009636363636363887    -0.32740243093645194
-8.673617379884035E-19    6.938893903907228E-18    -0.00961038961038986     -0.33172169318366573
-8.673617379884035E-19    6.938893903907228E-18    -0.009584415584415834    -0.3360409554308792
-8.673617379884035E-19    6.938893903907228E-18    -0.009558441558441808    -0.34036021767809455
-8.673617379884035E-19    6.938893903907228E-18    -0.009532467532467781    -0.3446794799253095
-8.673617379884035E-19    6.938893903907228E-18    -0.009506493506493756    -0.35035914140807184
-8.673617379884035E-19    6.938893903907228E-18    -0.009480519480519728    -0.35417018377834963
-8.673617379884035E-19    6.938893903907228E-18    -0.009454545454545703    -0.3592808759721363
-8.673617379884035E-19    6.938893903907228E-18    -0.009428571428571677    -0.364391568165923
-8.673617379884035E-19    6.938893903907228E-18    -0.009402597402597648    -0.3695022603597113
-8.673617379884035E-19    6.938893903907228E-18    -0.009376623376623622    -0.3746129525534987
-8.673617379884035E-19    6.938893903907228E-18    -0.009350649350649597    -0.37972364474728504
-8.673617379884035E-19    6.938893903907228E-18    -0.009324675324675569    -0.3848343369410725
-8.673617379884035E-19    6.938893903907228E-18    -0.009298701298701542    -0.3911786192442239
-8.673617379884035E-19    6.938893903907228E-18    -0.009272727272727519    -0.3969136713602337
-8.673617379884035E-19    6.938893903907228E-18    -0.00924675324675349     -0.40175379323813476
-8.673617379884035E-19    6.938893903907228E-18    -0.009220779220779464    -0.4074700881332929
-8.673617379884035E-19    6.938893903907228E-18    -0.00919480519480544     -0.4131863830284501
-8.673617379884035E-19    6.938893903907228E-18    -0.009168831168831411    -0.4189026779236082
-8.673617379884035E-19    6.938893903907228E-18    -0.009142857142857385    -0.4246189728187666
-8.673617379884035E-19    6.938893903907228E-18    -0.009116883116883358    -0.43033526771392544
-8.673617379884035E-19    6.938893903907228E-18    -0.009090909090909333    -0.4360515626090829
-8.673617379884035E-19    6.938893903907228E-18    -0.009064935064935307    -0.4416646990652233
-8.673617379884035E-19    6.938893903907228E-18    -0.00903896103896128     -0.449031516424705
-8.673617379884035E-19    6.938893903907228E-18    -0.009012987012987255    -0.4563983337841869
-8.673617379884035E-19    6.938893903907228E-18    -0.008987012987013229    -0.4637651511436693
-8.673617379884035E-19    6.938893903907228E-18    -0.0089610389610392      -0.4711319685031532
-8.673617379884035E-19    6.938893903907228E-18    -0.008935064935065174    -0.47863235252070213
-8.673617379884035E-19    6.938893903907228E-18    -0.00890909090909115     -0.4857561893830682
-8.673617379884035E-19    6.938893903907228E-18    -0.008883116883117121    -0.49288002624543514
-8.673617379884035E-19    6.938893903907228E-18    -0.008857142857143094    -0.5000038631078029
-8.673617379884035E-19    6.938893903907228E-18    -0.008831168831169071    -0.5071276999701695
-8.673617379884035E-19    6.938893903907228E-18    -0.008805194805195041    -0.5142515368325337
-8.673617379884035E-19    6.938893903907228E-18    -0.008779220779221017    -0.5233280589418061
-8.673617379884035E-19    6.938893903907228E-18    -0.00875324675324699     -0.5308502528930275
-8.673617379884035E-19    6.938893903907228E-18    -0.008727272727272964    -0.5387686755976548
-8.673617379884035E-19    6.938893903907228E-18    -0.008701298701298937    -0.5471950203978502
-8.673617379884035E-19    6.938893903907228E-18    -0.00867532467532491     -0.5556213651980437
-8.673617379884035E-19    6.938893903907228E-18    -0.008649350649350884    -0.5640477099982404
-8.673617379884035E-19    6.938893903907228E-18    -0.008623376623376859    -0.5696780506751211
-8.673617379884035E-19    6.938893903907228E-18    -0.00859740259740283     -0.5797634071659732
-8.673617379884035E-19    6.938893903907228E-18    -0.008571428571428806    -0.5898487636568237
-8.673617379884035E-19    6.938893903907228E-18    -0.00854545454545478     -0.5999341201476753
-8.673617379884035E-19    6.938893903907228E-18    -0.008519480519480753    -0.6100194766385251
-8.673617379884035E-19    6.938893903907228E-18    -0.008493506493506726    -0.6201048331293774
-8.673617379884035E-19    6.938893903907228E-18    -0.0084675324675327      -0.6301901896202278
-8.673617379884035E-19    6.938893903907228E-18    -0.008441558441558673    -0.6402755461110785
-8.673617379884035E-19    6.938893903907228E-18    -0.008415584415584647    -0.6503609026019292
-8.673617379884035E-19    6.938893903907228E-18    -0.008389610389610624    -0.6604462590927778
-8.673617379884035E-19    6.938893903907228E-18    -0.008363636363636594    -0.6705316155836307
-8.673617379884035E-19    6.938893903907228E-18    -0.008337662337662567    -0.680616972074481
-8.673617379884035E-19    6.938893903907228E-18    -0.008311688311688542    -0.6894434843740569
-8.673617379884035E-19    6.938893903907228E-18    -0.008285714285714516    -0.7076532381799647
-8.673617379884035E-19    6.938893903907228E-18    -0.00825974025974049     -0.7181808846287716
-8.673617379884035E-19    6.938893903907228E-18    -0.008233766233766463    -0.7249861786014895
-8.673617379884035E-19    6.938893903907228E-18    -0.008207792207792436    -0.738530256830229
-8.673617379884035E-19    6.938893903907228E-18    -0.00818181818181841     -0.7525068440342715
-8.673617379884035E-19    6.938893903907228E-18    -0.008155844155844383    -0.7657426100673899
-8.673617379884035E-19    6.938893903907228E-18    -0.008129870129870357    -0.7789783761005054
-8.673617379884035E-19    6.938893903907228E-18    -0.008103896103896332    -0.7922141421336206
-8.673617379884035E-19    6.938893903907228E-18    -0.008077922077922305    -0.8054499081667373
-8.673617379884035E-19    6.938893903907228E-18    -0.008051948051948279    -0.8186856741998532
-8.673617379884035E-19    6.938893903907228E-18    -0.008025974025974252    -0.8319214402329678
-8.673617379884035E-19    6.938893903907228E-18    -0.008000000000000226    -0.8441862555979778
-8.673617379884035E-19    6.938893903907228E-18    -0.007974025974026197    -0.8568680026356835
-8.673617379884035E-19    6.938893903907228E-18    -0.007948051948052173    -0.8695497496733924
-8.673617379884035E-19    6.938893903907228E-18    -0.007922077922078146    -0.8933661734882447
-8.673617379884035E-19    6.938893903907228E-18    -0.00789610389610412     -0.9020588205321962
-8.673617379884035E-19    6.938893903907228E-18    -0.007870129870130093    -0.9190878667856758
-8.673617379884035E-19    6.938893903907228E-18    -0.007844155844156066    -0.9361169130391587
-8.673617379884035E-19    6.938893903907228E-18    -0.007818181818182042    -0.9531459592926366
-8.673617379884035E-19    6.938893903907228E-18    -0.007792207792208015    -0.9724695799780487
-8.673617379884035E-19    6.938893903907228E-18    -0.007766233766233989    -0.9892385932111165
-8.673617379884035E-19    6.938893903907228E-18    -0.007740259740259962    -1.005871314679291
-8.673617379884035E-19    6.938893903907228E-18    -0.0077142857142859355   -1.0225040361474675
-8.673617379884035E-19    6.938893903907228E-18    -0.007688311688311909    -1.0391367576156423
-8.673617379884035E-19    6.938893903907228E-18    -0.007662337662337883    -1.0557694790838161
-8.673617379884035E-19    6.938893903907228E-18    -0.007636363636363857    -1.0724022005519878
-8.673617379884035E-19    6.938893903907228E-18    -0.0076103896103898285   -1.0890349220201645
-8.673617379884035E-19    6.938893903907228E-18    -0.0075844155844158045   -1.1060653401472726
-8.673617379884035E-19    6.938893903907228E-18    -0.007558441558441778    -1.1290432280957163
-8.673617379884035E-19    6.938893903907228E-18    -0.00753246753246775     -1.1520211160441631
-8.673617379884035E-19    6.938893903907228E-18    -0.007506493506493725    -1.1749990039926026
-8.673617379884035E-19    6.938893903907228E-18    -0.007480519480519698    -1.1979768919410454
-8.673617379884035E-19    6.938893903907228E-18    -0.00745454545454567     -1.2193286098105605
-8.673617379884035E-19    6.938893903907228E-18    -0.007428571428571646    -1.2409345969086925
-8.673617379884035E-19    6.938893903907228E-18    -0.00740259740259762     -1.2625405840068304
-8.673617379884035E-19    6.938893903907228E-18    -0.007376623376623591    -1.2841465711049547
-8.673617379884035E-19    6.938893903907228E-18    -0.007350649350649566    -1.310450378530068
-8.673617379884035E-19    6.938893903907228E-18    -0.007324675324675541    -1.3364171081867964
-8.673617379884035E-19    6.938893903907228E-18    -0.007298701298701513    -1.359936832715623
-8.673617379884035E-19    6.938893903907228E-18    -0.007272727272727486    -1.38345655724445
-8.673617379884035E-19    6.938893903907228E-18    -0.007246753246753461    -1.4019089261943787
-8.673617379884035E-19    6.938893903907228E-18    -0.007220779220779435    -1.430021538712344
-8.673617379884035E-19    6.938893903907228E-18    -0.007194805194805409    -1.4581341512303143
-8.673617379884035E-19    6.938893903907228E-18    -0.00716883116883138     -1.4862467637482766
-8.673617379884035E-19    6.938893903907228E-18    -0.007142857142857356    -1.5143593762662348
-8.673617379884035E-19    6.938893903907228E-18    -0.00711688311688333     -1.5424719887841967
-8.673617379884035E-19    6.938893903907228E-18    -0.007090909090909302    -1.5705846013021585
-8.673617379884035E-19    6.938893903907228E-18    -0.007064935064935277    -1.598447989288156
-8.673617379884035E-19    6.938893903907228E-18    -0.007038961038961251    -1.6409821211101212
-8.673617379884035E-19    6.938893903907228E-18    -0.0070129870129872224   -1.6626445468609052
-8.673617379884035E-19    6.938893903907228E-18    -0.006987012987013196    -1.6936094648522175
-8.673617379884035E-19    6.938893903907228E-18    -0.006961038961039172    -1.726993493114085
-8.673617379884035E-19    6.938893903907228E-18    -0.006935064935065143    -1.7603775213759607
-8.673617379884035E-19    6.938893903907228E-18    -0.006909090909091117    -1.7937615496378274
-8.673617379884035E-19    6.938893903907228E-18    -0.006883116883117093    -1.8271455778996926
-8.673617379884035E-19    6.938893903907228E-18    -0.006857142857143065    -1.8605296061615637
-8.673617379884035E-19    6.938893903907228E-18    -0.006831168831169038    -1.8939136344234306
-8.673617379884035E-19    6.938893903907228E-18    -0.006805194805195014    -1.9272976626853007
-8.673617379884035E-19    6.938893903907228E-18    -0.006779220779220985    -1.9606816909471725
-8.673617379884035E-19    6.938893903907228E-18    -0.006753246753246959    -1.9940657192090372
-8.673617379884035E-19    6.938893903907228E-18    -0.006727272727272932    -2.037192112759356
-8.673617379884035E-19    6.938893903907228E-18    -0.006701298701298906    -2.081023618112611
-8.673617379884035E-19    6.938893903907228E-18    -0.00667532467532488     -2.1248551234658573
-8.673617379884035E-19    6.938893903907228E-18    -0.0066493506493508535   -2.1647904053320612
-8.673617379884035E-19    6.938893903907228E-18    -0.00662337662337683     -2.2079746121794397
-8.673617379884035E-19    6.938893903907228E-18    -0.006597402597402803    -2.251158819026823
-8.673617379884035E-19    6.938893903907228E-18    -0.006571428571428775    -2.294343025874209
-8.673617379884035E-19    6.938893903907228E-18    -0.006545454545454748    -2.3375272327215972
-8.673617379884035E-19    6.938893903907228E-18    -0.0065194805194807234   -2.3807114395689783
-8.673617379884035E-19    6.938893903907228E-18    -0.006493506493506695    -2.4131177191307245
-8.673617379884035E-19    6.938893903907228E-18    -0.0064675324675326695   -2.4773438687519524
-8.673617379884035E-19    6.938893903907228E-18    -0.006441558441558645    -2.520426088719928
-8.673617379884035E-19    6.938893903907228E-18    -0.006415584415584617    -2.571901289071924
-8.673617379884035E-19    6.938893903907228E-18    -0.006389610389610591    -2.623376489423914
-8.673617379884035E-19    6.938893903907228E-18    -0.006363636363636564    -2.674851689775907
-8.673617379884035E-19    6.938893903907228E-18    -0.006337662337662538    -2.726326890127896
-8.673617379884035E-19    6.938893903907228E-18    -0.006311688311688511    -2.777802090479892
-8.673617379884035E-19    6.938893903907228E-18    -0.006285714285714485    -2.829277290831879
-8.673617379884035E-19    6.938893903907228E-18    -0.006259740259740458    -2.880752491183868
-8.673617379884035E-19    6.938893903907228E-18    -0.0062337662337664315   -2.932227691535857
-8.673617379884035E-19    6.938893903907228E-18    -0.006207792207792406    -2.997402915055426
-8.673617379884035E-19    6.938893903907228E-18    -0.006181818181818379    -3.0555616356685724
-8.673617379884035E-19    6.938893903907228E-18    -0.006155844155844353    -3.1213403354519684
-8.673617379884035E-19    6.938893903907228E-18    -0.006129870129870327    -3.1837655139906698
-8.673617379884035E-19    6.938893903907228E-18    -0.0061038961038963006   -3.2461906925293693
-8.673617379884035E-19    6.938893903907228E-18    -0.006077922077922276    -3.3086158710680715
-8.673617379884035E-19    6.938893903907228E-18    -0.0060519480519482475   -3.3710410496067693
-8.673617379884035E-19    6.938893903907228E-18    -0.006025974025974219    -3.4288309566803328
-8.673617379884035E-19    6.938893903907228E-18    -0.006000000000000197    -3.4979682795592932
-8.673617379884035E-19    6.938893903907228E-18    -0.005974025974026169    -3.5753738697345705
-8.673617379884035E-19    6.938893903907228E-18    -0.005948051948052143    -3.6470623978460868
-8.673617379884035E-19    6.938893903907228E-18    -0.0059220779220781165   -3.718750925957579
-8.673617379884035E-19    6.938893903907228E-18    -0.00589610389610409     -3.790439454069098
-8.673617379884035E-19    6.938893903907228E-18    -0.0058701298701300635   -3.8537954153915184
-8.673617379884035E-19    6.938893903907228E-18    -0.005844155844156037    -3.9339545405838505
-8.673617379884035E-19    6.938893903907228E-18    -0.00581818181818201     -4.014113665776198
-8.673617379884035E-19    6.938893903907228E-18    -0.005792207792207984    -4.094272790968536
-8.673617379884035E-19    6.938893903907228E-18    -0.005766233766233957    -4.174431916160876
-8.673617379884035E-19    6.938893903907228E-18    -0.005740259740259932    -4.254591041353207
-8.673617379884035E-19    6.938893903907228E-18    -0.005714285714285905    -4.341979290947265
-8.673617379884035E-19    6.938893903907228E-18    -0.0056883116883118786   -4.422918835798098
-8.673617379884035E-19    6.938893903907228E-18    -0.005662337662337853    -4.503858380648885
-8.673617379884035E-19    6.938893903907228E-18    -0.005636363636363826    -4.584797925499709
-8.673617379884035E-19    6.938893903907228E-18    -0.0056103896103898      -4.656373309445396
-8.673617379884035E-19    6.938893903907228E-18    -0.0055844155844157715   -4.75649000283282
-8.673617379884035E-19    6.938893903907228E-18    -0.005558441558441747    -4.856606696220198
-8.673617379884035E-19    6.938893903907228E-18    -0.005532467532467721    -4.956723389607601
-8.673617379884035E-19    6.938893903907228E-18    -0.005506493506493692    -5.056840082995016
-8.673617379884035E-19    6.938893903907228E-18    -0.005480519480519669    -5.161234554576112
-8.673617379884035E-19    6.938893903907228E-18    -0.005454545454545642    -5.261518685811293
-8.673617379884035E-19    6.938893903907228E-18    -0.005428571428571613    -5.359471812583286
-8.673617379884035E-19    6.938893903907228E-18    -0.005402597402597589    -5.461931672758035
-8.673617379884035E-19    6.938893903907228E-18    -0.005376623376623563    -5.564391532932794
-8.673617379884035E-19    6.938893903907228E-18    -0.005350649350649536    -5.666067259770376
-8.673617379884035E-19    6.938893903907228E-18    -0.00532467532467551     -5.765910457908463
-8.673617379884035E-19    6.938893903907228E-18    -0.005298701298701483    -5.86575365604655
-8.673617379884035E-19    6.938893903907228E-18    -0.005272727272727457    -5.965596854184646
-8.673617379884035E-19    6.938893903907228E-18    -0.005246753246753431    -6.097819140933876
-8.673617379884035E-19    6.938893903907228E-18    -0.005220779220779404    -6.200976962507818
-8.673617379884035E-19    6.938893903907228E-18    -0.005194805194805379    -6.320545664017682
-8.673617379884035E-19    6.938893903907228E-18    -0.005168831168831351    -6.440114365527566
-8.673617379884035E-19    6.938893903907228E-18    -0.005142857142857324    -6.559683067037443
-8.673617379884035E-19    6.938893903907228E-18    -0.005116883116883299    -6.67925176854731
-8.673617379884035E-19    6.938893903907228E-18    -0.0050909090909092725   -6.798820470057197
-8.673617379884035E-19    6.938893903907228E-18    -0.005064935064935245    -6.918389171567085
-8.673617379884035E-19    6.938893903907228E-18    -0.00503896103896122     -7.037957873076935
-8.673617379884035E-19    6.938893903907228E-18    -0.005012987012987194    -7.157526574586799
-8.673617379884035E-19    6.938893903907228E-18    -0.0049870129870131655   -7.296730520050499
-8.673617379884035E-19    6.938893903907228E-18    -0.004961038961039139    -7.432558361251694
-8.673617379884035E-19    6.938893903907228E-18    -0.004935064935065115    -7.5548550019397815
-8.673617379884035E-19    6.938893903907228E-18    -0.004909090909091087    -7.697048318570072
-8.673617379884035E-19    6.938893903907228E-18    -0.004883116883117062    -7.839241635200375
-8.673617379884035E-19    6.938893903907228E-18    -0.004857142857143035    -7.981434951830678
-8.673617379884035E-19    6.938893903907228E-18    -0.004831168831169007    -8.123628268460994
-8.673617379884035E-19    6.938893903907228E-18    -0.004805194805194983    -8.26582158509127
-8.673617379884035E-19    6.938893903907228E-18    -0.004779220779220955    -8.408014901721591
-8.673617379884035E-19    6.938893903907228E-18    -0.004753246753246931    -8.550208218351905
-8.673617379884035E-19    6.938893903907228E-18    -0.004727272727272904    -8.6924015349822
-8.673617379884035E-19    6.938893903907228E-18    -0.004701298701298875    -8.834594851612515
-8.673617379884035E-19    6.938893903907228E-18    -0.004675324675324851    -8.99011358506658
-8.673617379884035E-19    6.938893903907228E-18    -0.004649350649350825    -9.116301104459271
-8.673617379884035E-19    6.938893903907228E-18    -0.004623376623376797    -9.278281691222439
-8.673617379884035E-19    6.938893903907228E-18    -0.004597402597402773    -9.440262277985582
-8.673617379884035E-19    6.938893903907228E-18    -0.004571428571428745    -9.602242864748696
-8.673617379884035E-19    6.938893903907228E-18    -0.004545454545454718    -9.764223451511828
-8.673617379884035E-19    6.938893903907228E-18    -0.004519480519480691    -9.926204038274973
-8.673617379884035E-19    6.938893903907228E-18    -0.0044935064935066665   -10.088184625038103
-8.673617379884035E-19    6.938893903907228E-18    -0.004467532467532639    -10.250165211801242
-8.673617379884035E-19    6.938893903907228E-18    -0.0044415584415586126   -10.412145798564376
-8.673617379884035E-19    6.938893903907228E-18    -0.004415584415584588    -10.5741263853275
-8.673617379884035E-19    6.938893903907228E-18    -0.0043896103896105595   -10.736106972090656
-8.673617379884035E-19    6.938893903907228E-18    -0.004363636363636533    -10.919868510063065
-8.673617379884035E-19    6.938893903907228E-18    -0.004337662337662507    -11.084531776842095
-8.673617379884035E-19    6.938893903907228E-18    -0.004311688311688481    -11.249195043621164
-8.673617379884035E-19    6.938893903907228E-18    -0.004285714285714456    -11.41242076205296
-8.673617379884035E-19    6.938893903907228E-18    -0.004259740259740428    -11.59656029191035
-8.673617379884035E-19    6.938893903907228E-18    -0.004233766233766401    -11.779531997511214
-8.673617379884035E-19    6.938893903907228E-18    -0.004207792207792377    -11.960927403351462
-8.673617379884035E-19    6.938893903907228E-18    -0.004181818181818349    -12.140498611366963
-8.673617379884035E-19    6.938893903907228E-18    -0.004155844155844323    -12.320926213484244
-8.673617379884035E-19    6.938893903907228E-18    -0.004129870129870298    -12.501353815601465
-8.673617379884035E-19    6.938893903907228E-18    -0.004103896103896269    -12.681781417718728
-8.673617379884035E-19    6.938893903907228E-18    -0.004077922077922244    -12.862209019835996
-8.673617379884035E-19    6.938893903907228E-18    -0.004051948051948219    -13.04263662195322
-8.673617379884035E-19    6.938893903907228E-18    -0.0040259740259741906   -13.223064224070534
-8.673617379884035E-19    6.938893903907228E-18    -0.004000000000000165    -13.403491826187764
-8.673617379884035E-19    6.938893903907228E-18    -0.0039740259740261375   -13.611896194514731
-8.673617379884035E-19    6.938893903907228E-18    -0.003948051948052112    -13.806661126923128
-8.673617379884035E-19    6.938893903907228E-18    -0.003922077922078085    -14.001426059331457
-8.673617379884035E-19    6.938893903907228E-18    -0.0038961038961040587   -14.196190991739805
-8.673617379884035E-19    6.938893903907228E-18    -0.003870129870130033    -14.381004552023416
-8.673617379884035E-19    6.938893903907228E-18    -0.0038441558441560065   -14.581545965295255
-8.673617379884035E-19    6.938893903907228E-18    -0.00381818181818198     -14.782087378567104
-8.673617379884035E-19    6.938893903907228E-18    -0.0037922077922079534   -14.982628791839002
-8.673617379884035E-19    6.938893903907228E-18    -0.003766233766233927    -15.183170205110866
-8.673617379884035E-19    6.938893903907228E-18    -0.0037402597402599012   -15.389446953817572
-8.673617379884035E-19    6.938893903907228E-18    -0.0037142857142858747   -15.590288088040563
-8.673617379884035E-19    6.938893903907228E-18    -0.00368831168831185     -15.791129222263457
-8.673617379884035E-19    6.938893903907228E-18    -0.0036623376623378216   -15.98144887504779
-8.673617379884035E-19    6.938893903907228E-18    -0.0036363636363637934   -16.197161716523063
-8.673617379884035E-19    6.938893903907228E-18    -0.003610389610389771    -16.412874557998187
-8.673617379884035E-19    6.938893903907228E-18    -0.003584415584415743    -16.62858739947344
-8.673617379884035E-19    6.938893903907228E-18    -0.0035584415584417146   -16.844300240948662
-8.673617379884035E-19    6.938893903907228E-18    -0.00353246753246769     -17.0625367409718
-8.673617379884035E-19    6.938893903907228E-18    -0.0035064935064936633   -17.27838132446757
-8.673617379884035E-19    6.938893903907228E-18    -0.0034805194805196376   -17.49422590796338
-8.673617379884035E-19    6.938893903907228E-18    -0.003454545454545611    -17.710070491459177
-8.673617379884035E-19    6.938893903907228E-18    -0.0034285714285715845   -17.925915074954943
-8.673617379884035E-19    6.938893903907228E-18    -0.003402597402597559    -18.141759658450784
-8.673617379884035E-19    6.938893903907228E-18    -0.0033766233766235323   -18.357604241946504
-8.673617379884035E-19    6.938893903907228E-18    -0.0033506493506495058   -18.581548034991147
-8.673617379884035E-19    6.938893903907228E-18    -0.0033246753246754792   -18.800101053981678
-8.673617379884035E-19    6.938893903907228E-18    -0.0032987012987014527   -19.034308773102552
-8.673617379884035E-19    6.938893903907228E-18    -0.003272727272727427    -19.268516492223398
-8.673617379884035E-19    6.938893903907228E-18    -0.0032467532467534005   -19.502724211344272
-8.673617379884035E-19    6.938893903907228E-18    -0.003220779220779374    -19.736931930465154
-8.673617379884035E-19    6.938893903907228E-18    -0.0031948051948053457   -19.971139649586014
-8.673617379884035E-19    6.938893903907228E-18    -0.003168831168831321    -20.20534736870688
-8.673617379884035E-19    6.938893903907228E-18    -0.003142857142857295    -20.43955508782772
-8.673617379884035E-19    6.938893903907228E-18    -0.003116883116883267    -20.673762806948588
-8.673617379884035E-19    6.938893903907228E-18    -0.003090909090909242    -20.916574035629893
-8.673617379884035E-19    6.938893903907228E-18    -0.0030649350649352156   -21.14720276499122
-8.673617379884035E-19    6.938893903907228E-18    -0.0030389610389611873   -21.377831494352527
-8.673617379884035E-19    6.938893903907228E-18    -0.0030129870129871634   -21.64227015900704
-8.673617379884035E-19    6.938893903907228E-18    -0.002987012987013137    -21.895764444213697
-8.673617379884035E-19    6.938893903907228E-18    -0.0029610389610391086   -22.149258729420477
-8.673617379884035E-19    6.938893903907228E-18    -0.0029350649350650846   -22.370786957836717
-8.673617379884035E-19    6.938893903907228E-18    -0.0029090909090910572   -22.633669415003354
-8.673617379884035E-19    6.938893903907228E-18    -0.0028831168831170316   -22.89655187216991
-8.673617379884035E-19    6.938893903907228E-18    -0.002857142857143005    -23.15943432933655
-8.673617379884035E-19    6.938893903907228E-18    -0.0028311688311689785   -23.422316786503153
-8.673617379884035E-19    6.938893903907228E-18    -0.002805194805194953    -23.685199243669796
-8.673617379884035E-19    6.938893903907228E-18    -0.0027792207792209263   -23.948081700836365
-8.673617379884035E-19    6.938893903907228E-18    -0.002753246753246898    -24.210964158002994
-8.673617379884035E-19    6.938893903907228E-18    -0.002727272727272873    -24.473846615169613
-8.673617379884035E-19    6.938893903907228E-18    -0.0027012987012988467   -24.7362220422122
-8.673617379884035E-19    6.938893903907228E-18    -0.0026753246753248193   -25.033560912772202
-8.673617379884035E-19    6.938893903907228E-18    -0.0026493506493507945   -25.299389423548284
-8.673617379884035E-19    6.938893903907228E-18    -0.002623376623376768    -25.565217934324355
-8.673617379884035E-19    6.938893903907228E-18    -0.0025974025974027396   -25.831046445100455
-8.673617379884035E-19    6.938893903907228E-18    -0.002571428571428714    -26.160380480073773
-8.673617379884035E-19    6.938893903907228E-18    -0.0025454545454546883   -26.393146418041965
-8.673617379884035E-19    6.938893903907228E-18    -0.002519480519480661    -26.69273932027334
-8.673617379884035E-19    6.938893903907228E-18    -0.002493506493506637    -26.992332222504572
-8.673617379884035E-19    6.938893903907228E-18    -0.0024675324675326087   -27.29192512473594
-8.673617379884035E-19    6.938893903907228E-18    -0.0024415584415585813   -27.59151802696733
-8.673617379884035E-19    6.938893903907228E-18    -0.0024155844155845574   -27.891110929198597
-8.673617379884035E-19    6.938893903907228E-18    -0.00238961038961053     -28.19070383142993
-8.673617379884035E-19    6.938893903907228E-18    -0.0023636363636365025   -28.49622331565773
-8.673617379884035E-19    6.938893903907228E-18    -0.0023376623376624786   -28.795370154489724
-8.673617379884035E-19    6.938893903907228E-18    -0.0023116883116884503   -29.094516993321896
-8.673617379884035E-19    6.938893903907228E-18    -0.0022857142857144247   -29.393663832154047
-8.673617379884035E-19    6.938893903907228E-18    -0.002259740259740399    -29.692810670986148
-8.673617379884035E-19    6.938893903907228E-18    -0.0022337662337663716   -30.02778062318737
-8.673617379884035E-19    6.938893903907228E-18    -0.002207792207792346    -30.361334986650547
-8.673617379884035E-19    6.938893903907228E-18    -0.0021818181818183202   -30.694889350113574
-8.673617379884035E-19    6.938893903907228E-18    -0.002155844155844292    -31.028443713576678
-8.673617379884035E-19    6.938893903907228E-18    -0.0021298701298702663   -31.333993067443448
-8.673617379884035E-19    6.938893903907228E-18    -0.0021038961038962398   -31.68091553120653
-8.673617379884035E-19    6.938893903907228E-18    -0.0020779220779222132   -32.0278379949695
-8.673617379884035E-19    6.938893903907228E-18    -0.0020519480519481876   -32.3747604587323
-8.673617379884035E-19    6.938893903907228E-18    -0.002025974025974161    -32.71828741173539
-8.673617379884035E-19    6.938893903907228E-18    -0.0020000000000001336   -33.05938937099385
-8.673617379884035E-19    6.938893903907228E-18    -0.001974025974026107    -33.40049133025227
-8.673617379884035E-19    6.938893903907228E-18    -0.0019480519480520823   -33.74159328951063
-8.673617379884035E-19    6.938893903907228E-18    -0.0019220779220780549   -34.0826952487691
-8.673617379884035E-19    6.938893903907228E-18    -0.0018961038961040283   -34.473198720359754
-8.673617379884035E-19    6.938893903907228E-18    -0.0018701298701300027   -34.836924766096956
-8.673617379884035E-19    6.938893903907228E-18    -0.0018441558441559753   -35.20065081183421
-8.673617379884035E-19    6.938893903907228E-18    -0.0018181818181819513   -35.53989353735962
-8.673617379884035E-19    6.938893903907228E-18    -0.001792207792207923    -35.93675672221279
-8.673617379884035E-19    6.938893903907228E-18    -0.0017662337662338956   -36.33361990706588
-8.673617379884035E-19    6.938893903907228E-18    -0.0017402597402598717   -36.73204369614788
-8.673617379884035E-19    6.938893903907228E-18    -0.0017142857142858434   -37.11443779601795
-8.673617379884035E-19    6.938893903907228E-18    -0.0016883116883118186   -37.496831895887766
-8.673617379884035E-19    6.938893903907228E-18    -0.001662337662337792    -37.87922599575785
-8.673617379884035E-19    6.938893903907228E-18    -0.0016363636363637647   -38.26162009562785
-8.673617379884035E-19    6.938893903907228E-18    -0.0016103896103897399   -38.72594259848291
-8.673617379884035E-19    6.938893903907228E-18    -0.0015844155844157133   -39.1316954109358
-8.673617379884035E-19    6.938893903907228E-18    -0.001558441558441686    -39.53744822338827
-8.673617379884035E-19    6.938893903907228E-18    -0.0015324675324676594   -39.94320103584088
-8.673617379884035E-19    6.938893903907228E-18    -0.0015064935064936337   -40.3405918469046
-8.673617379884035E-19    6.938893903907228E-18    -0.0014805194805196072   -40.775824910579445
-8.673617379884035E-19    6.938893903907228E-18    -0.0014545454545455807   -41.189229315394876
-8.673617379884035E-19    6.938893903907228E-18    -0.001428571428571555    -41.64173180631149
-8.673617379884035E-19    6.938893903907228E-18    -0.0014025974025975267   -42.09423429722829
-8.673617379884035E-19    6.938893903907228E-18    -0.001376623376623501    -42.54673678814487
-8.673617379884035E-19    6.938893903907228E-18    -0.0013506493506494754   -42.999239279061534
-8.673617379884035E-19    6.938893903907228E-18    -0.001324675324675448    -43.45174176997818
-8.673617379884035E-19    6.938893903907228E-18    -0.0012987012987014223   -43.90424426089484
-8.673617379884035E-19    6.938893903907228E-18    -0.0012727272727273958   -44.35674675181143
-8.673617379884035E-19    6.938893903907228E-18    -0.0012467532467533684   -44.79279338171653
-8.673617379884035E-19    6.938893903907228E-18    -0.0012207792207793444   -45.25602726407414
-8.673617379884035E-19    6.938893903907228E-18    -0.001194805194805317    -45.71926114643198
-8.673617379884035E-19    6.938893903907228E-18    -0.0011688311688312896   -46.197602329721974
-8.673617379884035E-19    6.938893903907228E-18    -0.0011428571428572657   -46.709130902216515
-8.673617379884035E-19    6.938893903907228E-18    -0.0011168831168832374   -47.22065947471148
-8.673617379884035E-19    6.938893903907228E-18    -0.0010909090909092117   -47.732188047206236
-8.673617379884035E-19    6.938893903907228E-18    -0.001064935064935186    -48.243716619701004
-8.673617379884035E-19    6.938893903907228E-18    -0.0010389610389611587   -48.755245192195936
-8.673617379884035E-19    6.938893903907228E-18    -0.001012987012987133    -49.266773764690655
-8.673617379884035E-19    6.938893903907228E-18    -9.870129870131073E-4    -49.77830233718547
-8.673617379884035E-19    6.938893903907228E-18    -9.61038961039079E-4     -50.289830909680205
-8.673617379884035E-19    6.938893903907228E-18    -9.350649350650534E-4    -50.80135948217506
-8.673617379884035E-19    6.938893903907228E-18    -9.090909090910268E-4    -51.29330415176531
-8.673617379884035E-19    6.938893903907228E-18    -8.831168831170003E-4    -51.92806730167297
-8.673617379884035E-19    6.938893903907228E-18    -8.571428571429746E-4    -52.471357850168886
-8.673617379884035E-19    6.938893903907228E-18    -8.311688311689481E-4    -53.0054517363735
-8.673617379884035E-19    6.938893903907228E-18    -8.051948051949207E-4    -53.53954562257829
-8.673617379884035E-19    6.938893903907228E-18    -7.792207792208941E-4    -54.05635193823634
-8.673617379884035E-19    6.938893903907228E-18    -7.532467532468693E-4    -54.65447964870053
-8.673617379884035E-19    6.938893903907228E-18    -7.272727272728419E-4    -55.25260735916444
-8.673617379884035E-19    6.938893903907228E-18    -7.012987012988154E-4    -55.85073506962868
-8.673617379884035E-19    6.938893903907228E-18    -6.753246753247897E-4    -56.4667035658469
-8.673617379884035E-19    6.938893903907228E-18    -6.493506493507623E-4    -57.05071921974405
-8.673617379884035E-19    6.938893903907228E-18    -6.233766233767384E-4    -57.63473487364112
-8.673617379884035E-19    6.938893903907228E-18    -5.974025974027101E-4    -58.21875052753856
-8.673617379884035E-19    6.938893903907228E-18    -5.714285714286827E-4    -58.8027661814356
-8.673617379884035E-19    6.938893903907228E-18    -5.454545454546588E-4    -59.386781835333046
-8.673617379884035E-19    6.938893903907228E-18    -5.194805194806305E-4    -60.06360548241429
-8.673617379884035E-19    6.938893903907228E-18    -4.935064935066057E-4    -60.59079361940451
-8.673617379884035E-19    6.938893903907228E-18    -4.6753246753257916E-4   -61.27242818914874
-8.673617379884035E-19    6.938893903907228E-18    -4.4155844155855176E-4   -61.95406275889269
-8.673617379884035E-19    6.938893903907228E-18    -4.1558441558452695E-4   -62.63569732863651
-8.673617379884035E-19    6.938893903907228E-18    -3.896103896105004E-4    -63.317331898380374
-8.673617379884035E-19    6.938893903907228E-18    -3.63636363636473E-4     -63.97556429099791
-8.673617379884035E-19    6.938893903907228E-18    -3.3766233766244647E-4   -64.64111908235384
-8.673617379884035E-19    6.938893903907228E-18    -3.116883116884208E-4    -65.29728371195341
-8.673617379884035E-19    6.938893903907228E-18    -2.8571428571439426E-4   -65.95344834155253
-8.673617379884035E-19    6.938893903907228E-18    -2.597402597403677E-4    -66.60961297115243
-8.673617379884035E-19    6.938893903907228E-18    -2.3376623376634206E-4   -67.26577760075199
-8.673617379884035E-19    6.938893903907228E-18    -2.0779220779231378E-4   -67.92194223035176
-8.673617379884035E-19    6.938893903907228E-18    -1.818181818182881E-4    -68.57810685995162
-8.673617379884035E-19    6.938893903907228E-18    -1.5584415584426244E-4   -69.36429786672204
-8.673617379884035E-19    6.938893903907228E-18    -1.2987012987023504E-4   -70.12001329233905
-8.673617379884035E-19    6.938893903907228E-18    -1.0389610389620937E-4   -70.87572871795658
-8.673617379884035E-19    6.938893903907228E-18    -7.792207792218283E-5    -71.6314441435735
-8.673617379884035E-19    6.938893903907228E-18    -5.1948051948155424E-5   -72.387159569191
-8.673617379884035E-19    6.938893903907228E-18    -2.597402597413149E-5    -73.1633597598402
-8.673617379884035E-19    6.938893903907228E-18    -1.0408340855860843E-16  -73.90267848241899
-8.673617379884035E-19    6.938893903907228E-18    2.5974025973921587E-5    -74.59978149869085
-8.673617379884035E-19    6.938893903907228E-18    5.194805194794986E-5     -75.34517164488432
-8.673617379884035E-19    6.938893903907228E-18    7.792207792197466E-5     -76.1348727954435
-8.673617379884035E-19    6.938893903907228E-18    1.038961038960012E-4     -76.82311229573017
-8.673617379884035E-19    6.938893903907228E-18    1.2987012987002947E-4    -77.63944365490582
-8.673617379884035E-19    6.938893903907228E-18    1.5584415584405428E-4    -78.45577501408113
-8.673617379884035E-19    6.938893903907228E-18    1.8181818181807995E-4    -79.27210637325685
-8.673617379884035E-19    6.938893903907228E-18    2.0779220779210562E-4    -80.08843773243267
-8.673617379884035E-19    6.938893903907228E-18    2.337662337661339E-4     -80.90476909160816
-8.673617379884035E-19    6.938893903907228E-18    2.5974025974015956E-4    -81.72110045078377
-8.673617379884035E-19    6.938893903907228E-18    2.8571428571418523E-4    -82.5374318099594
-8.673617379884035E-19    6.938893903907228E-18    3.116883116882135E-4     -83.35376316913509
-8.673617379884035E-19    6.938893903907228E-18    3.376623376622383E-4     -84.1700945283106
-8.673617379884035E-19    6.938893903907228E-18    3.6363636363626484E-4    -85.09959578412946
-8.673617379884035E-19    6.938893903907228E-18    3.8961038961029225E-4    -85.95435059931674
-8.673617379884035E-19    6.938893903907228E-18    4.155844155843188E-4     -86.80910541450356
-8.673617379884035E-19    6.938893903907228E-18    4.415584415583436E-4     -87.66386022969039
-8.673617379884035E-19    6.938893903907228E-18    4.6753246753236926E-4    -88.51861504487749
-8.673617379884035E-19    6.938893903907228E-18    4.935064935063975E-4     -89.41453561960486
-8.673617379884035E-19    6.938893903907228E-18    5.194805194804223E-4     -90.27491827124868
-8.673617379884035E-19    6.938893903907228E-18    5.454545454544489E-4     -91.16945927778738
-8.673617379884035E-19    6.938893903907228E-18    5.714285714284771E-4     -92.06400028432608
-8.673617379884035E-19    6.938893903907228E-18    5.97402597402502E-4      -92.9585412908641
-8.673617379884035E-19    6.938893903907228E-18    6.233766233765276E-4     -93.85308229740292
-8.673617379884035E-19    6.938893903907228E-18    6.493506493505559E-4     -94.74762330394124
-8.673617379884035E-19    6.938893903907228E-18    6.753246753245816E-4     -95.64216431048001
-8.673617379884035E-19    6.938893903907228E-18    7.012987012986072E-4     -96.53670531701874
-8.673617379884035E-19    6.938893903907228E-18    7.272727272726355E-4     -97.43124632355727
-8.673617379884035E-19    6.938893903907228E-18    7.532467532466612E-4     -98.39014052848415
-8.673617379884035E-19    6.938893903907228E-18    7.79220779220686E-4      -99.36518094768064
-8.673617379884035E-19    6.938893903907228E-18    8.051948051947125E-4     -100.34022136687702
-8.673617379884035E-19    6.938893903907228E-18    8.311688311687399E-4     -101.31526178607356
-8.673617379884035E-19    6.938893903907228E-18    8.571428571427665E-4     -102.29030220527011
-8.673617379884035E-19    6.938893903907228E-18    8.831168831167913E-4     -103.26534262446717
-8.673617379884035E-19    6.938893903907228E-18    9.090909090908195E-4     -104.24038304366366
-8.673617379884035E-19    6.938893903907228E-18    9.350649350648452E-4     -105.21542346286014
-8.673617379884035E-19    6.938893903907228E-18    9.6103896103887E-4       -106.2150783899755
-8.673617379884035E-19    6.938893903907228E-18    9.870129870128991E-4     -107.18359113521376
-8.673617379884035E-19    6.938893903907228E-18    0.0010129870129869248    -108.12933636118339
-8.673617379884035E-19    6.938893903907228E-18    0.0010389610389609505    -109.05229751511759
-8.673617379884035E-19    6.938893903907228E-18    0.0010649350649349753    -110.06844953864908
-8.673617379884035E-19    6.938893903907228E-18    0.0010909090909090036    -111.08460156218018
-8.673617379884035E-19    6.938893903907228E-18    0.0011168831168830292    -112.10075358571206
-8.673617379884035E-19    6.938893903907228E-18    0.001142857142857055     -113.1169056092431
-8.673617379884035E-19    6.938893903907228E-18    0.0011688311688310832    -114.1341037258861
-8.673617379884035E-19    6.938893903907228E-18    0.0011948051948051088    -115.14433416742156
-8.673617379884035E-19    6.938893903907228E-18    0.0012207792207791337    -116.15456460895659
-8.673617379884035E-19    6.938893903907228E-18    0.0012467532467531628    -117.16479505049178
-8.673617379884035E-19    6.938893903907228E-18    0.0012727272727271876    -118.17502549202689
-8.673617379884035E-19    6.938893903907228E-18    0.0012987012987012141    -119.18525593356247
-8.673617379884035E-19    6.938893903907228E-18    0.0013246753246752424    -120.19548637509764
-8.673617379884035E-19    6.938893903907228E-18    0.0013506493506492672    -121.27182659003967
-8.673617379884035E-19    6.938893903907228E-18    0.0013766233766232929    -122.28957745394405
-8.673617379884035E-19    6.938893903907228E-18    0.0014025974025973177    -123.29157481647945
-8.673617379884035E-19    6.938893903907228E-18    0.0014285714285713468    -124.32324285264569
-8.673617379884035E-19    6.938893903907228E-18    0.0014545454545453725    -125.35491088881054
-8.673617379884035E-19    6.938893903907228E-18    0.0014805194805193982    -126.38657892497517
-8.673617379884035E-19    6.938893903907228E-18    0.0015064935064934264    -127.40171487766398
-8.673617379884035E-19    6.938893903907228E-18    0.0015324675324674512    -128.42740364235848
-8.673617379884035E-19    6.938893903907228E-18    0.001558441558441477     -129.4530924070538
-8.673617379884035E-19    6.938893903907228E-18    0.0015844155844155052    -130.47878117174866
-8.673617379884035E-19    6.938893903907228E-18    0.0016103896103895317    -131.50446993644366
-8.673617379884035E-19    6.938893903907228E-18    0.0016363636363635565    -132.53015870113836
-8.673617379884035E-19    6.938893903907228E-18    0.0016623376623375848    -133.55584746583338
-8.673617379884035E-19    6.938893903907228E-18    0.0016883116883116105    -134.58153623052846
-8.673617379884035E-19    6.938893903907228E-18    0.0017142857142856353    -135.60722499522308
-8.673617379884035E-19    6.938893903907228E-18    0.0017402597402596618    -136.63291375991815
-8.673617379884035E-19    6.938893903907228E-18    0.00176623376623369      -137.65860252461295
-8.673617379884035E-19    6.938893903907228E-18    0.0017922077922077149    -138.68429128930768
-8.673617379884035E-19    6.938893903907228E-18    0.0018181818181817406    -139.57278593122112
-8.673617379884035E-19    6.938893903907228E-18    0.0018441558441557688    -140.56437984170316
-8.673617379884035E-19    6.938893903907228E-18    0.0018701298701297945    -141.580209115695
-8.673617379884035E-19    6.938893903907228E-18    0.0018961038961038202    -142.55622359879914
-8.673617379884035E-19    6.938893903907228E-18    0.0019220779220778484    -143.5322380819021
-8.673617379884035E-19    6.938893903907228E-18    0.001948051948051874     -144.5082525650061
-8.673617379884035E-19    6.938893903907228E-18    0.001974025974025899     -145.48426704811004
-8.673617379884035E-19    6.938893903907228E-18    0.0019999999999999246    -146.48783541881994
-8.673617379884035E-19    6.938893903907228E-18    0.002025974025973953     -147.40880488335938
-8.673617379884035E-19    6.938893903907228E-18    0.0020519480519479794    -148.32977434789888
-8.673617379884035E-19    6.938893903907228E-18    0.002077922077922004     -149.25074381243888
-8.673617379884035E-19    6.938893903907228E-18    0.0021038961038960325    -150.1717132769777
-8.673617379884035E-19    6.938893903907228E-18    0.002129870129870058     -151.09268274151748
-8.673617379884035E-19    6.938893903907228E-18    0.002155844155844083     -152.0136522060577
-8.673617379884035E-19    6.938893903907228E-18    0.002181818181818112     -152.83224252208288
-8.673617379884035E-19    6.938893903907228E-18    0.0022077922077921378    -153.68457346205616
-8.673617379884035E-19    6.938893903907228E-18    0.0022337662337661634    -154.53690440202965
-8.673617379884035E-19    6.938893903907228E-18    0.0022597402597401917    -155.3892353420037
-8.673617379884035E-19    6.938893903907228E-18    0.0022857142857142165    -156.24156628197784
-8.673617379884035E-19    6.938893903907228E-18    0.002311688311688242     -157.09389722195192
-8.673617379884035E-19    6.938893903907228E-18    0.002337662337662268     -157.87010975463562
-8.673617379884035E-19    6.938893903907228E-18    0.002363636363636296     -158.6998078794138
-8.673617379884035E-19    6.938893903907228E-18    0.0023896103896103218    -159.65816810600262
-8.673617379884035E-19    6.938893903907228E-18    0.0024155844155843466    -160.32322763827625
-8.673617379884035E-19    6.938893903907228E-18    0.0024415584415583757    -160.9882871705512
-8.673617379884035E-19    6.938893903907228E-18    0.0024675324675324005    -161.65334670282476
-8.673617379884035E-19    6.938893903907228E-18    0.002493506493506427     -162.3184062350992
-8.673617379884035E-19    6.938893903907228E-18    0.0025194805194804553    -162.98346576737322
-8.673617379884035E-19    6.938893903907228E-18    0.00254545454545448      -163.64852529964813
-8.673617379884035E-19    6.938893903907228E-18    0.002571428571428506     -164.1391084693871
-8.673617379884035E-19    6.938893903907228E-18    0.0025974025974025306    -164.77169679088024
-8.673617379884035E-19    6.938893903907228E-18    0.0026233766233765598    -165.48086404590433
-8.673617379884035E-19    6.938893903907228E-18    0.0026493506493505846    -166.154592719172
-8.673617379884035E-19    6.938893903907228E-18    0.002675324675324611     -166.82832139244056
-8.673617379884035E-19    6.938893903907228E-18    0.0027012987012986385    -167.72231117828187
-8.673617379884035E-19    6.938893903907228E-18    0.002727272727272664     -168.0321185778165
-8.673617379884035E-19    6.938893903907228E-18    0.0027532467532466907    -168.34192597735182
-8.673617379884035E-19    6.938893903907228E-18    0.002779220779220718     -168.65173337688736
-8.673617379884035E-19    6.938893903907228E-18    0.0028051948051947447    -168.90585335508746
-8.673617379884035E-19    6.938893903907228E-18    0.0028311688311687686    -169.26118001165716
-8.673617379884035E-19    6.938893903907228E-18    0.0028571428571427977    -169.61650666822695
-8.673617379884035E-19    6.938893903907228E-18    0.0028831168831168243    -169.97183332479625
-8.673617379884035E-19    6.938893903907228E-18    0.002909090909090848     -170.32715998136592
-8.673617379884035E-19    6.938893903907228E-18    0.0029350649350648747    -170.6824866379361
-8.673617379884035E-19    6.938893903907228E-18    0.002961038961038902     -171.03781329450555
-8.673617379884035E-19    6.938893903907228E-18    0.002987012987012928     -171.39313995107557
-8.673617379884035E-19    6.938893903907228E-18    0.0030129870129869544    -171.74846660764524
-8.673617379884035E-19    6.938893903907228E-18    0.0030389610389609818    -172.10379326421503
-8.673617379884035E-19    6.938893903907228E-18    0.0030649350649350083    -172.45911992078481
-8.673617379884035E-19    6.938893903907228E-18    0.0030909090909090322    -172.02180420935326
-8.673617379884035E-19    6.938893903907228E-18    0.0031168831168830614    -172.25834102214174
-8.673617379884035E-19    6.938893903907228E-18    0.003142857142857086     -172.06856998052194
-8.673617379884035E-19    6.938893903907228E-18    0.003168831168831112     -171.95678283962303
-8.673617379884035E-19    6.938893903907228E-18    0.0031948051948051384    -171.8449956987239
-8.673617379884035E-19    6.938893903907228E-18    0.003220779220779166     -171.73320855782492
-8.673617379884035E-19    6.938893903907228E-18    0.0032467532467531923    -171.62142141692607
-8.673617379884035E-19    6.938893903907228E-18    0.0032727272727272163    -171.7857095727977
-8.673617379884035E-19    6.938893903907228E-18    0.0032987012987012454    -171.72773208712727
-8.673617379884035E-19    6.938893903907228E-18    0.003324675324675272     -171.66975460145778
-8.673617379884035E-19    6.938893903907228E-18    0.003350649350649296     -171.6117771157866
-8.673617379884035E-19    6.938893903907228E-18    0.003376623376623326     -171.55379963011615
-8.673617379884035E-19    6.938893903907228E-18    0.00340259740259735      -171.0932489453882
-8.673617379884035E-19    6.938893903907228E-18    0.0034285714285713764    -170.64137898916124
-8.673617379884035E-19    6.938893903907228E-18    0.0034545454545454038    -170.1895090329345
-8.673617379884035E-19    6.938893903907228E-18    0.0034805194805194294    -169.73763907670667
-8.673617379884035E-19    6.938893903907228E-18    0.003506493506493456     -169.28576912048075
-8.673617379884035E-19    6.938893903907228E-18    0.00353246753246748      -168.87741625103422
-8.673617379884035E-19    6.938893903907228E-18    0.003558441558441509     -168.26965128558493
-8.673617379884035E-19    6.938893903907228E-18    0.003584415584415534     -167.73836774008805
-8.673617379884035E-19    6.938893903907228E-18    0.0036103896103895595    -167.20708419459174
-8.673617379884035E-19    6.938893903907228E-18    0.0036363636363635895    -166.6758006490952
-8.673617379884035E-19    6.938893903907228E-18    0.0036623376623376135    -166.1445171035981
-8.673617379884035E-19    6.938893903907228E-18    0.00368831168831164      -165.48434288375938
-8.673617379884035E-19    6.938893903907228E-18    0.0037142857142856674    -164.6807124308537
-8.673617379884035E-19    6.938893903907228E-18    0.003740259740259693     -163.87708197794734
-8.673617379884035E-19    6.938893903907228E-18    0.0037662337662337196    -163.07345152504126
-8.673617379884035E-19    6.938893903907228E-18    0.0037922077922077435    -162.25256225413818
-8.673617379884035E-19    6.938893903907228E-18    0.0038181818181817736    -161.32946475244603
-8.673617379884035E-19    6.938893903907228E-18    0.0038441558441557975    -160.61278412783304
-8.673617379884035E-19    6.938893903907228E-18    0.003870129870129824     -159.74648336395694
-8.673617379884035E-19    6.938893903907228E-18    0.0038961038961038514    -158.88018260008198
-8.673617379884035E-19    6.938893903907228E-18    0.003922077922077877     -158.0138818362037
-8.673617379884035E-19    6.938893903907228E-18    0.003948051948051904     -157.14758107232944
-8.673617379884035E-19    6.938893903907228E-18    0.003974025974025931     -156.28128030845346
-8.673617379884035E-19    6.938893903907228E-18    0.003999999999999958     -155.27131396274422
-8.673617379884035E-19    6.938893903907228E-18    0.0040259740259739815    -154.04285488128846
-8.673617379884035E-19    6.938893903907228E-18    0.004051948051948011     -152.8143957998318
-8.673617379884035E-19    6.938893903907228E-18    0.004077922077922037     -151.58593671837656
-8.673617379884035E-19    6.938893903907228E-18    0.004103896103896061     -150.35747763691984
-8.673617379884035E-19    6.938893903907228E-18    0.004129870129870088     -149.12901855546323
-8.673617379884035E-19    6.938893903907228E-18    0.004155844155844115     -147.9005594740073
-8.673617379884035E-19    6.938893903907228E-18    0.004181818181818141     -146.59466400223664
-8.673617379884035E-19    6.938893903907228E-18    0.004207792207792167     -145.35272810754338
-8.673617379884035E-19    6.938893903907228E-18    0.004233766233766195     -144.1107922128473
-8.673617379884035E-19    6.938893903907228E-18    0.004259740259740221     -142.86885631815449
-8.673617379884035E-19    6.938893903907228E-18    0.004285714285714245     -141.62692042346112
-8.673617379884035E-19    6.938893903907228E-18    0.004311688311688274     -140.51300519323036
-8.673617379884035E-19    6.938893903907228E-18    0.004337662337662299     -139.10762429670058
-8.673617379884035E-19    6.938893903907228E-18    0.004363636363636325     -137.70224340016966
-8.673617379884035E-19    6.938893903907228E-18    0.004389610389610351     -136.2968625036413
-8.673617379884035E-19    6.938893903907228E-18    0.004415584415584379     -134.89148160711187
-8.673617379884035E-19    6.938893903907228E-18    0.004441558441558405     -133.486100710581
-8.673617379884035E-19    6.938893903907228E-18    0.004467532467532429     -132.08071981405215
-8.673617379884035E-19    6.938893903907228E-18    0.004493506493506458     -130.67533891752123
-8.673617379884035E-19    6.938893903907228E-18    0.004519480519480485     -129.2699580209901
-8.673617379884035E-19    6.938893903907228E-18    0.004545454545454509     -127.86928220382788
-8.673617379884035E-19    6.938893903907228E-18    0.004571428571428538     -126.38962096264459
-8.673617379884035E-19    6.938893903907228E-18    0.004597402597402563     -124.8854919061223
-8.673617379884035E-19    6.938893903907228E-18    0.004623376623376589     -123.38136284960046
-8.673617379884035E-19    6.938893903907228E-18    0.004649350649350617     -121.87723379307795
-8.673617379884035E-19    6.938893903907228E-18    0.004675324675324642     -120.37310473655475
-8.673617379884035E-19    6.938893903907228E-18    0.004701298701298669     -118.89220082774182
-8.673617379884035E-19    6.938893903907228E-18    0.004727272727272693     -117.41002753103908
-8.673617379884035E-19    6.938893903907228E-18    0.004753246753246722     -115.9278542343344
-8.673617379884035E-19    6.938893903907228E-18    0.004779220779220747     -114.4456809376286
-8.673617379884035E-19    6.938893903907228E-18    0.0048051948051947724    -112.96350764092358
-8.673617379884035E-19    6.938893903907228E-18    0.0048311688311688025    -111.3887385031669
-8.673617379884035E-19    6.938893903907228E-18    0.004857142857142826     -109.90780012431446
-8.673617379884035E-19    6.938893903907228E-18    0.004883116883116853     -108.42686174545997
-8.673617379884035E-19    6.938893903907228E-18    0.00490909090909088      -106.9459233666056
-8.673617379884035E-19    6.938893903907228E-18    0.004935064935064906     -105.46498498775043
-8.673617379884035E-19    6.938893903907228E-18    0.0049610389610389325    -103.99967103524062
-8.673617379884035E-19    6.938893903907228E-18    0.00498701298701296      -102.5142803357617
-8.673617379884035E-19    6.938893903907228E-18    0.0050129870129869865    -101.02888963628237
-8.673617379884035E-19    6.938893903907228E-18    0.00503896103896101      -99.54349893680327
-8.673617379884035E-19    6.938893903907228E-18    0.005064935064935037     -98.10214217013413
-8.673617379884035E-19    6.938893903907228E-18    0.005090909090909064     -96.61928714898659
-8.673617379884035E-19    6.938893903907228E-18    0.00511688311688309      -95.18281059072251
-8.673617379884035E-19    6.938893903907228E-18    0.005142857142857117     -93.78757190083434
-8.673617379884035E-19    6.938893903907228E-18    0.005168831168831144     -92.37187617768654
-8.673617379884035E-19    6.938893903907228E-18    0.0051948051948051705    -90.95138056872992
-8.673617379884035E-19    6.938893903907228E-18    0.0052207792207791945    -89.53088495977096
-8.673617379884035E-19    6.938893903907228E-18    0.005246753246753224     -88.1103893508122
-8.673617379884035E-19    6.938893903907228E-18    0.00527272727272725      -86.68989374185489
-8.673617379884035E-19    6.938893903907228E-18    0.005298701298701274     -85.26939813289543
-8.673617379884035E-19    6.938893903907228E-18    0.0053246753246753       -83.84890252393748
-8.673617379884035E-19    6.938893903907228E-18    0.005350649350649328     -82.42840691498094
-8.673617379884035E-19    6.938893903907228E-18    0.0053766233766233545    -81.09470711724589
-8.673617379884035E-19    6.938893903907228E-18    0.00540259740259738      -79.84261583666012
-8.673617379884035E-19    6.938893903907228E-18    0.005428571428571408     -78.59052455607133
-8.673617379884035E-19    6.938893903907228E-18    0.005454545454545434     -77.33843327548402
-8.673617379884035E-19    6.938893903907228E-18    0.005480519480519458     -76.0863419948937
-8.673617379884035E-19    6.938893903907228E-18    0.005506493506493487     -74.93214982494214
-8.673617379884035E-19    6.938893903907228E-18    0.005532467532467512     -73.68137929165391
-8.673617379884035E-19    6.938893903907228E-18    0.005558441558441539     -72.27037217083898
-8.673617379884035E-19    6.938893903907228E-18    0.005584415584415565     -71.08437641856017
-8.673617379884035E-19    6.938893903907228E-18    0.005610389610389592     -69.89838066628238
-8.673617379884035E-19    6.938893903907228E-18    0.005636363636363618     -68.71238491400362
-8.673617379884035E-19    6.938893903907228E-18    0.005662337662337642     -67.52638916172543
-8.673617379884035E-19    6.938893903907228E-18    0.005688311688311671     -66.34039340944724
-8.673617379884035E-19    6.938893903907228E-18    0.005714285714285698     -65.15439765716889
-8.673617379884035E-19    6.938893903907228E-18    0.005740259740259723     -63.96840190489149
-8.673617379884035E-19    6.938893903907228E-18    0.005766233766233751     -62.78240615261322
-8.673617379884035E-19    6.938893903907228E-18    0.005792207792207776     -61.82390877007538
-8.673617379884035E-19    6.938893903907228E-18    0.005818181818181802     -60.683311932860306
-8.673617379884035E-19    6.938893903907228E-18    0.005844155844155829     -59.66602470080379
-8.673617379884035E-19    6.938893903907228E-18    0.005870129870129855     -58.681974253470116
-8.673617379884035E-19    6.938893903907228E-18    0.005896103896103882     -57.68249104953691
-8.673617379884035E-19    6.938893903907228E-18    0.005922077922077906     -56.68300784560461
-8.673617379884035E-19    6.938893903907228E-18    0.005948051948051935     -55.55829483908411
-8.673617379884035E-19    6.938893903907228E-18    0.00597402597402596      -54.60357091320196
-8.673617379884035E-19    6.938893903907228E-18    0.005999999999999986     -53.64884698732021
-8.673617379884035E-19    6.938893903907228E-18    0.006025974025974013     -52.694123061435334
-8.673617379884035E-19    6.938893903907228E-18    0.006051948051948039     -51.739399135552276
-8.673617379884035E-19    6.938893903907228E-18    0.006077922077922066     -50.784675209668194
-8.673617379884035E-19    6.938893903907228E-18    0.006103896103896093     -49.78908255690908
-8.673617379884035E-19    6.938893903907228E-18    0.006129870129870119     -48.810898142684096
-8.673617379884035E-19    6.938893903907228E-18    0.0061558441558441455    -47.90448605477559
-8.673617379884035E-19    6.938893903907228E-18    0.006181818181818173     -47.12785049154178
-8.673617379884035E-19    6.938893903907228E-18    0.0062077922077921985    -46.35121492830689
-8.673617379884035E-19    6.938893903907228E-18    0.006233766233766223     -45.56369472274184
-8.673617379884035E-19    6.938893903907228E-18    0.00625974025974025      -44.75737037759245
-8.673617379884035E-19    6.938893903907228E-18    0.006285714285714277     -43.95104603244454
-8.673617379884035E-19    6.938893903907228E-18    0.006311688311688303     -43.11390708889246
-8.673617379884035E-19    6.938893903907228E-18    0.0063376623376623295    -42.270860291478265
-8.673617379884035E-19    6.938893903907228E-18    0.006363636363636357     -41.42781349406641
-8.673617379884035E-19    6.938893903907228E-18    0.006389610389610383     -40.647356382330145
-8.673617379884035E-19    6.938893903907228E-18    0.006415584415584407     -39.980915740051614
-8.673617379884035E-19    6.938893903907228E-18    0.0064415584415584365    -39.314475097771265
-8.673617379884035E-19    6.938893903907228E-18    0.0064675324675324605    -38.6632433047148
-8.673617379884035E-19    6.938893903907228E-18    0.006493506493506487     -37.96961185859573
-8.673617379884035E-19    6.938893903907228E-18    0.0065194805194805135    -37.27598041247802
-8.673617379884035E-19    6.938893903907228E-18    0.006545454545454541     -36.58234896635713
-8.673617379884035E-19    6.938893903907228E-18    0.006571428571428567     -35.88871752023988
-8.673617379884035E-19    6.938893903907228E-18    0.006597402597402593     -35.206764796888365
-8.673617379884035E-19    6.938893903907228E-18    0.0066233766233766206    -34.46153113451783
-8.673617379884035E-19    6.938893903907228E-18    0.006649350649350646     -33.89215496758743
-8.673617379884035E-19    6.938893903907228E-18    0.006675324675324671     -33.32277880065794
-8.673617379884035E-19    6.938893903907228E-18    0.006701298701298701     -32.746146616200804
-8.673617379884035E-19    6.938893903907228E-18    0.006727272727272725     -32.15592628813329
-8.673617379884035E-19    6.938893903907228E-18    0.006753246753246751     -31.565705960066225
-8.673617379884035E-19    6.938893903907228E-18    0.006779220779220779     -30.97548563199996
-8.673617379884035E-19    6.938893903907228E-18    0.006805194805194805     -30.3852653039321
-8.673617379884035E-19    6.938893903907228E-18    0.00683116883116883      -29.795044975869132
-8.673617379884035E-19    6.938893903907228E-18    0.006857142857142855     -29.46164051644155
-8.673617379884035E-19    6.938893903907228E-18    0.006883116883116884     -28.92120696485722
-8.673617379884035E-19    6.938893903907228E-18    0.006909090909090909     -28.380773413268344
-8.673617379884035E-19    6.938893903907228E-18    0.006935064935064935     -27.67088089506933
-8.673617379884035E-19    6.938893903907228E-18    0.006961038961038965     -27.217339355918966
-8.673617379884035E-19    6.938893903907228E-18    0.006987012987012989     -26.763797816772588
-8.673617379884035E-19    6.938893903907228E-18    0.007012987012987014     -26.31025627762142
-8.673617379884035E-19    6.938893903907228E-18    0.0070389610389610426    -25.85671473847242
-8.673617379884035E-19    6.938893903907228E-18    0.007064935064935068     -25.4031731993241
-8.673617379884035E-19    6.938893903907228E-18    0.007090909090909094     -24.949631660176237
-8.673617379884035E-19    6.938893903907228E-18    0.007116883116883119     -24.49609012102792
-8.673617379884035E-19    6.938893903907228E-18    0.007142857142857149     -24.0425485818796
-8.673617379884035E-19    6.938893903907228E-18    0.007168831168831173     -23.589007042730373
-8.673617379884035E-19    6.938893903907228E-18    0.007194805194805198     -23.280359806462457
-8.673617379884035E-19    6.938893903907228E-18    0.007220779220779227     -22.607581346976076
-8.673617379884035E-19    6.938893903907228E-18    0.007246753246753252     -22.259058059744348
-8.673617379884035E-19    6.938893903907228E-18    0.007272727272727278     -21.91053477250898
-8.673617379884035E-19    6.938893903907228E-18    0.007298701298701306     -21.5620114852768
-8.673617379884035E-19    6.938893903907228E-18    0.007324675324675333     -21.21348819804416
-8.673617379884035E-19    6.938893903907228E-18    0.007350649350649357     -20.864964910809704
-8.673617379884035E-19    6.938893903907228E-18    0.007376623376623386     -20.51644162357661
-8.673617379884035E-19    6.938893903907228E-18    0.007402597402597412     -20.167918336343973
-8.673617379884035E-19    6.938893903907228E-18    0.007428571428571436     -19.819395049110994
-8.673617379884035E-19    6.938893903907228E-18    0.007454545454545462     -19.470871761877206
-8.673617379884035E-19    6.938893903907228E-18    0.00748051948051949      -19.122348474644127
-8.673617379884035E-19    6.938893903907228E-18    0.007506493506493517     -18.773825187410694
-8.673617379884035E-19    6.938893903907228E-18    0.0075324675324675424    -18.425301900178283
-8.673617379884035E-19    6.938893903907228E-18    0.00755844155844157      -18.23686764223862
-8.673617379884035E-19    6.938893903907228E-18    0.007584415584415596     -17.884213272902116
-8.673617379884035E-19    6.938893903907228E-18    0.00761038961038962      -17.574653472233308
-8.673617379884035E-19    6.938893903907228E-18    0.0076363636363636495    -17.256057789269335
-8.673617379884035E-19    6.938893903907228E-18    0.007662337662337674     -16.93746210630775
-8.673617379884035E-19    6.938893903907228E-18    0.0076883116883117       -16.618866423344855
-8.673617379884035E-19    6.938893903907228E-18    0.007714285714285726     -16.300270740384462
-8.673617379884035E-19    6.938893903907228E-18    0.007740259740259754     -16.141999605783354
-8.673617379884035E-19    6.938893903907228E-18    0.00776623376623378      -15.763179493592993
-8.673617379884035E-19    6.938893903907228E-18    0.007792207792207804     -15.515752522682384
-8.673617379884035E-19    6.938893903907228E-18    0.007818181818181833     -15.268325551771737
-8.673617379884035E-19    6.938893903907228E-18    0.00784415584415586      -15.020898580860418
-8.673617379884035E-19    6.938893903907228E-18    0.007870129870129885     -14.77347160994881
-8.673617379884035E-19    6.938893903907228E-18    0.007896103896103913     -14.526044639039164
-8.673617379884035E-19    6.938893903907228E-18    0.007922077922077938     -14.278617668127566
-8.673617379884035E-19    6.938893903907228E-18    0.007948051948051964     -14.031190697217173
-8.673617379884035E-19    6.938893903907228E-18    0.007974025974025991     -13.783763726307221
-8.673617379884035E-19    6.938893903907228E-18    0.008000000000000018     -13.6334679841043
-8.673617379884035E-19    6.938893903907228E-18    0.008025974025974044     -13.383839355258715
-8.673617379884035E-19    6.938893903907228E-18    0.008051948051948067     -13.15632974718028
-8.673617379884035E-19    6.938893903907228E-18    0.008077922077922097     -12.950866263025091
-8.673617379884035E-19    6.938893903907228E-18    0.008103896103896122     -12.681601199062243
-8.673617379884035E-19    6.938893903907228E-18    0.008129870129870148     -12.489508744789873
-8.673617379884035E-19    6.938893903907228E-18    0.008155844155844177     -12.297416290517504
-8.673617379884035E-19    6.938893903907228E-18    0.008181818181818202     -12.105323836246498
-8.673617379884035E-19    6.938893903907228E-18    0.008207792207792228     -11.91323138197481
-8.673617379884035E-19    6.938893903907228E-18    0.008233766233766255     -11.7211389277021
-8.673617379884035E-19    6.938893903907228E-18    0.008259740259740281     -11.529046473431663
-8.673617379884035E-19    6.938893903907228E-18    0.008285714285714308     -11.336954019158384
-8.673617379884035E-19    6.938893903907228E-18    0.008311688311688336     -11.194288992790462
-8.673617379884035E-19    6.938893903907228E-18    0.00833766233766236      -11.018452677613823
-8.673617379884035E-19    6.938893903907228E-18    0.008363636363636386     -10.805749489755428
-8.673617379884035E-19    6.938893903907228E-18    0.008389610389610412     -10.646134026923022
-8.673617379884035E-19    6.938893903907228E-18    0.008415584415584439     -10.486518564092094
-8.673617379884035E-19    6.938893903907228E-18    0.008441558441558465     -10.326903101261621
-8.673617379884035E-19    6.938893903907228E-18    0.008467532467532492     -10.16451832457983
-8.673617379884035E-19    6.938893903907228E-18    0.008493506493506518     -10.011176866023106
-8.673617379884035E-19    6.938893903907228E-18    0.008519480519480545     -9.85783540746661
-8.673617379884035E-19    6.938893903907228E-18    0.00854545454545457      -9.70449394891034
-8.673617379884035E-19    6.938893903907228E-18    0.008571428571428598     -9.551152490353417
-8.673617379884035E-19    6.938893903907228E-18    0.008597402597402624     -9.397811031795868
-8.673617379884035E-19    6.938893903907228E-18    0.00862337662337665      -9.244469573239485
-8.673617379884035E-19    6.938893903907228E-18    0.008649350649350676     -9.122283921678957
-8.673617379884035E-19    6.938893903907228E-18    0.008675324675324702     -8.972418268706178
-8.673617379884035E-19    6.938893903907228E-18    0.008701298701298729     -8.843300400680846
-8.673617379884035E-19    6.938893903907228E-18    0.008727272727272755     -8.714182532657418
-8.673617379884035E-19    6.938893903907228E-18    0.008753246753246784     -8.58506466463507
-8.673617379884035E-19    6.938893903907228E-18    0.008779220779220808     -8.455946796611443
-8.673617379884035E-19    6.938893903907228E-18    0.008805194805194833     -8.326828928588839
-8.673617379884035E-19    6.938893903907228E-18    0.008831168831168863     -8.194597476580498
-8.673617379884035E-19    6.938893903907228E-18    0.008857142857142886     -8.070776257590296
-8.673617379884035E-19    6.938893903907228E-18    0.008883116883116913     -7.946955038601118
-8.673617379884035E-19    6.938893903907228E-18    0.008909090909090943     -7.848339202324496
-8.673617379884035E-19    6.938893903907228E-18    0.008935064935064966     -7.736930172977054
-8.673617379884035E-19    6.938893903907228E-18    0.008961038961038992     -7.625521143627111
-8.673617379884035E-19    6.938893903907228E-18    0.008987012987013017     -7.5141121142795555
-8.673617379884035E-19    6.938893903907228E-18    0.009012987012987046     -7.402703084929442
-8.673617379884035E-19    6.938893903907228E-18    0.009038961038961072     -7.271519492971148
-8.673617379884035E-19    6.938893903907228E-18    0.009064935064935097     -7.1738999184030945
-8.673617379884035E-19    6.938893903907228E-18    0.009090909090909127     -7.076280343837894
-8.673617379884035E-19    6.938893903907228E-18    0.00911688311688315      -6.978660769271102
-8.673617379884035E-19    6.938893903907228E-18    0.009142857142857177     -6.881041194704267
-8.673617379884035E-19    6.938893903907228E-18    0.009168831168831205     -6.783421620137688
-8.673617379884035E-19    6.938893903907228E-18    0.009194805194805231     -6.692702024031519
-8.673617379884035E-19    6.938893903907228E-18    0.009220779220779256     -6.602775952211914
-8.673617379884035E-19    6.938893903907228E-18    0.009246753246753281     -6.512849880390149
-8.673617379884035E-19    6.938893903907228E-18    0.009272727272727311     -6.422923808568271
-8.673617379884035E-19    6.938893903907228E-18    0.009298701298701334     -6.332997736746847
-8.673617379884035E-19    6.938893903907228E-18    0.00932467532467536      -6.243071664927584
-8.673617379884035E-19    6.938893903907228E-18    0.00935064935064939      -6.152048667414874
-8.673617379884035E-19    6.938893903907228E-18    0.009376623376623414     -6.062378640698853
-8.673617379884035E-19    6.938893903907228E-18    0.00940259740259744      -5.963734468575126
-8.673617379884035E-19    6.938893903907228E-18    0.009428571428571468     -5.8931257654282945
-8.673617379884035E-19    6.938893903907228E-18    0.009454545454545495     -5.822517062278735
-8.673617379884035E-19    6.938893903907228E-18    0.00948051948051952      -5.751908359129857
-8.673617379884035E-19    6.938893903907228E-18    0.009506493506493548     -5.681299655982343
-8.673617379884035E-19    6.938893903907228E-18    0.009532467532467575     -5.61069095283375
-8.673617379884035E-19    6.938893903907228E-18    0.0095584415584416       -5.540082249683792
-8.673617379884035E-19    6.938893903907228E-18    0.009584415584415624     -5.462970800375047
-8.673617379884035E-19    6.938893903907228E-18    0.009610389610389652     -5.388807122029164
-8.673617379884035E-19    6.938893903907228E-18    0.009636363636363679     -5.3146434436822005
-8.673617379884035E-19    6.938893903907228E-18    0.009662337662337704     -5.240479765335806
-8.673617379884035E-19    6.938893903907228E-18    0.009688311688311732     -5.166316086993163
-8.673617379884035E-19    6.938893903907228E-18    0.009714285714285759     -5.117085159558883
-8.673617379884035E-19    6.938893903907228E-18    0.009740259740259782     -5.054171361717636
-8.673617379884035E-19    6.938893903907228E-18    0.009766233766233812     -4.970588341126131
-8.673617379884035E-19    6.938893903907228E-18    0.009792207792207838     -4.912203680009952
-8.673617379884035E-19    6.938893903907228E-18    0.009818181818181861     -4.85381901889491
-8.673617379884035E-19    6.938893903907228E-18    0.009844155844155888     -4.795434357780664
-8.673617379884035E-19    6.938893903907228E-18    0.009870129870129916     -4.737049696664229
-8.673617379884035E-19    6.938893903907228E-18    0.009896103896103943     -4.678665035548647
-8.673617379884035E-19    6.938893903907228E-18    0.009922077922077967     -4.62028037443315
-8.673617379884035E-19    6.938893903907228E-18    0.009948051948051996     -4.561895713318336
-8.673617379884035E-19    6.938893903907228E-18    0.009974025974026022     -4.510464593369306
-8.673617379884035E-19    6.938893903907228E-18    0.010000000000000047     -4.45758930184661
-8.673617379884035E-19    6.938893903907228E-18    0.010025974025974075     -4.404714010320845
-8.673617379884035E-19    6.938893903907228E-18    0.0100519480519481       -4.351838718799854
-8.673617379884035E-19    6.938893903907228E-18    0.010077922077922127     -4.305433471561628
-8.673617379884035E-19    6.938893903907228E-18    0.010103896103896155     -4.245618920962443
-8.673617379884035E-19    6.938893903907228E-18    0.01012987012987018      -4.1969298297590285
-8.673617379884035E-19    6.938893903907228E-18    0.010155844155844206     -4.148240738556524
-8.673617379884035E-19    6.938893903907228E-18    0.01018181818181823      -4.099551647355611
-8.673617379884035E-19    6.938893903907228E-18    0.01020779220779226      -4.0508625561506335
-8.673617379884035E-19    6.938893903907228E-18    0.010233766233766286     -4.002173464948328
-8.673617379884035E-19    6.938893903907228E-18    0.010259740259740309     -3.9534843737446863
-8.673617379884035E-19    6.938893903907228E-18    0.010285714285714339     -3.9117164833546667
-8.673617379884035E-19    6.938893903907228E-18    0.010311688311688364     -3.8714875715602375
-8.673617379884035E-19    6.938893903907228E-18    0.01033766233766239      -3.8312586597600102
-8.673617379884035E-19    6.938893903907228E-18    0.010363636363636417     -3.7910297479642736
-8.673617379884035E-19    6.938893903907228E-18    0.010389610389610443     -3.7466528791260885
-8.673617379884035E-19    6.938893903907228E-18    0.01041558441558447      -3.70788509117034
-8.673617379884035E-19    6.938893903907228E-18    0.010441558441558495     -3.6691173032126017
-8.673617379884035E-19    6.938893903907228E-18    0.010467532467532523     -3.6303495152549203
-8.673617379884035E-19    6.938893903907228E-18    0.010493506493506548     -3.591581727298717
-8.673617379884035E-19    6.938893903907228E-18    0.010519480519480574     -3.5528139393408082
-8.673617379884035E-19    6.938893903907228E-18    0.010545454545454603     -3.514046151382445
-8.673617379884035E-19    6.938893903907228E-18    0.010571428571428627     -3.475278363426014
-8.673617379884035E-19    6.938893903907228E-18    0.010597402597402654     -3.4364179946696822
-8.673617379884035E-19    6.938893903907228E-18    0.01062337662337668      -3.405493468563378
-8.673617379884035E-19    6.938893903907228E-18    0.010649350649350707     -3.3718017160191778
-8.673617379884035E-19    6.938893903907228E-18    0.010675324675324734     -3.3381099634722773
-8.673617379884035E-19    6.938893903907228E-18    0.01070129870129876      -3.3044182109271105
-8.673617379884035E-19    6.938893903907228E-18    0.010727272727272787     -3.270726458383706
-8.673617379884035E-19    6.938893903907228E-18    0.010753246753246811     -3.237034705837118
-8.673617379884035E-19    6.938893903907228E-18    0.010779220779220838     -3.203545927631694
-8.673617379884035E-19    6.938893903907228E-18    0.010805194805194865     -3.1747089281866465
-8.673617379884035E-19    6.938893903907228E-18    0.010831168831168891     -3.14587192874194
-8.673617379884035E-19    6.938893903907228E-18    0.010857142857142918     -3.1170349292966364
-8.673617379884035E-19    6.938893903907228E-18    0.010883116883116944     -3.0881979298528677
-8.673617379884035E-19    6.938893903907228E-18    0.01090909090909097      -3.0593609304080474
-8.673617379884035E-19    6.938893903907228E-18    0.010935064935064995     -3.030523930963227
-8.673617379884035E-19    6.938893903907228E-18    0.010961038961039025     -3.001686931518634
-8.673617379884035E-19    6.938893903907228E-18    0.01098701298701305      -2.9792745338129407
-8.673617379884035E-19    6.938893903907228E-18    0.011012987012987075     -2.9522770565483825
-8.673617379884035E-19    6.938893903907228E-18    0.011038961038961102     -2.9246753048360006
-8.673617379884035E-19    6.938893903907228E-18    0.011064935064935128     -2.8970735531232776
-8.673617379884035E-19    6.938893903907228E-18    0.011090909090909155     -2.8662122245725072
-8.673617379884035E-19    6.938893903907228E-18    0.011116883116883181     -2.844879184285503
-8.673617379884035E-19    6.938893903907228E-18    0.011142857142857208     -2.8235461439943492
-8.673617379884035E-19    6.938893903907228E-18    0.011168831168831234     -2.8022131037053555
-8.673617379884035E-19    6.938893903907228E-18    0.011194805194805259     -2.7808800634168165
-8.673617379884035E-19    6.938893903907228E-18    0.011220779220779289     -2.7595470231274817
-8.673617379884035E-19    6.938893903907228E-18    0.011246753246753312     -2.735601635004059
-8.673617379884035E-19    6.938893903907228E-18    0.011272727272727339     -2.712789066366213
-8.673617379884035E-19    6.938893903907228E-18    0.011298701298701369     -2.6899764977324594
-8.673617379884035E-19    6.938893903907228E-18    0.011324675324675392     -2.667163929099189
-8.673617379884035E-19    6.938893903907228E-18    0.011350649350649418     -2.644351360463247
-8.673617379884035E-19    6.938893903907228E-18    0.011376623376623443     -2.621538791826879
-8.673617379884035E-19    6.938893903907228E-18    0.011402597402597473     -2.603695237214879
-8.673617379884035E-19    6.938893903907228E-18    0.011428571428571498     -2.5895174102508918
-8.673617379884035E-19    6.938893903907228E-18    0.011454545454545523     -2.571949584514641
-8.673617379884035E-19    6.938893903907228E-18    0.011480519480519553     -2.5543817587777085
-8.673617379884035E-19    6.938893903907228E-18    0.011506493506493576     -2.536813933039639
-8.673617379884035E-19    6.938893903907228E-18    0.011532467532467602     -2.518720795269928
-8.673617379884035E-19    6.938893903907228E-18    0.01155844155844163      -2.501978336064667
-8.673617379884035E-19    6.938893903907228E-18    0.011584415584415655     -2.4852358768584963
-8.673617379884035E-19    6.938893903907228E-18    0.011610389610389682     -2.4684934176536046
-8.673617379884035E-19    6.938893903907228E-18    0.01163636363636371      -2.4517509584510435
-8.673617379884035E-19    6.938893903907228E-18    0.011662337662337737     -2.4350084992436223
-8.673617379884035E-19    6.938893903907228E-18    0.01168831168831176      -2.4182660400397253
-8.673617379884035E-19    6.938893903907228E-18    0.011714285714285786     -2.3986285329612542
-8.673617379884035E-19    6.938893903907228E-18    0.011740259740259816     -2.3860556305027103
-8.673617379884035E-19    6.938893903907228E-18    0.01176623376623384      -2.3734827280455875
-8.673617379884035E-19    6.938893903907228E-18    0.011792207792207866     -2.3609098255889194
-8.673617379884035E-19    6.938893903907228E-18    0.011818181818181894     -2.348336923131342
-8.673617379884035E-19    6.938893903907228E-18    0.01184415584415592      -2.335764020673537
-8.673617379884035E-19    6.938893903907228E-18    0.011870129870129946     -2.323191118215391
-8.673617379884035E-19    6.938893903907228E-18    0.011896103896103974     -2.3106182157583817
-8.673617379884035E-19    6.938893903907228E-18    0.011922077922078        -2.2984308890610237
-8.673617379884035E-19    6.938893903907228E-18    0.011948051948052024     -2.285850201995345
-8.673617379884035E-19    6.938893903907228E-18    0.01197402597402605      -2.273269514928529
-8.673617379884035E-19    6.938893903907228E-18    0.012000000000000078     -2.2606888278605766
-8.673617379884035E-19    6.938893903907228E-18    0.012025974025974105     -2.2566715128841395
-8.673617379884035E-19    6.938893903907228E-18    0.01205194805194813      -2.245982465480779
-8.673617379884035E-19    6.938893903907228E-18    0.012077922077922158     -2.235293418077447
-8.673617379884035E-19    6.938893903907228E-18    0.012103896103896184     -2.2258256413424533
-8.673617379884035E-19    6.938893903907228E-18    0.012129870129870208     -2.2069120393700814
-8.673617379884035E-19    6.938893903907228E-18    0.012155844155844238     -2.203559431382473
-8.673617379884035E-19    6.938893903907228E-18    0.012181818181818264     -2.1955386299969177
-8.673617379884035E-19    6.938893903907228E-18    0.012207792207792289     -2.187517828610339
-8.673617379884035E-19    6.938893903907228E-18    0.012233766233766317     -2.1794970272234195
-8.673617379884035E-19    6.938893903907228E-18    0.012259740259740342     -2.171152338857752
-8.673617379884035E-19    6.938893903907228E-18    0.012285714285714368     -2.1624730711731672
-8.673617379884035E-19    6.938893903907228E-18    0.012311688311688393     -2.153793803487929
-8.673617379884035E-19    6.938893903907228E-18    0.012337662337662422     -2.1451145358043675
-8.673617379884035E-19    6.938893903907228E-18    0.012363636363636448     -2.1364352681185466
-8.673617379884035E-19    6.938893903907228E-18    0.012389610389610471     -2.1277560004349354
-8.673617379884035E-19    6.938893903907228E-18    0.012415584415584501     -2.1190767327509565
-8.673617379884035E-19    6.938893903907228E-18    0.012441558441558526     -2.1170699966551183
-8.673617379884035E-19    6.938893903907228E-18    0.012467532467532553     -2.1127868239657346
-8.673617379884035E-19    6.938893903907228E-18    0.012493506493506579     -2.1085036512738498
-8.673617379884035E-19    6.938893903907228E-18    0.012519480519480606     -2.1042204785831586
-8.673617379884035E-19    6.938893903907228E-18    0.012545454545454632     -2.0999373058916433
-8.673617379884035E-19    6.938893903907228E-18    0.012571428571428655     -2.095654133201947
-8.673617379884035E-19    6.938893903907228E-18    0.012597402597402685     -2.091370960510403
-8.673617379884035E-19    6.938893903907228E-18    0.012623376623376712     -2.0870877878187457
-8.673617379884035E-19    6.938893903907228E-18    0.012649350649350737     -2.0836760803028938
-8.673617379884035E-19    6.938893903907228E-18    0.012675324675324765     -2.0781248402240635
-8.673617379884035E-19    6.938893903907228E-18    0.01270129870129879      -2.0785231745985584
-8.673617379884035E-19    6.938893903907228E-18    0.012727272727272816     -2.0766029426276873
-8.673617379884035E-19    6.938893903907228E-18    0.012753246753246843     -2.070839528048964
-8.673617379884035E-19    6.938893903907228E-18    0.01277922077922087      -2.0687735709234403
-8.673617379884035E-19    6.938893903907228E-18    0.012805194805194896     -2.0667076137960976
-8.673617379884035E-19    6.938893903907228E-18    0.012831168831168922     -2.064641656670574
-8.673617379884035E-19    6.938893903907228E-18    0.012857142857142949     -2.062575699545505
-8.673617379884035E-19    6.938893903907228E-18    0.012883116883116974     -2.0605097424202086
-8.673617379884035E-19    6.938893903907228E-18    0.012909090909091        -2.058443785293889
-8.673617379884035E-19    6.938893903907228E-18    0.012935064935065027     -2.0563778281683085
-8.673617379884035E-19    6.938893903907228E-18    0.012961038961039053     -2.0543118710425006
-8.673617379884035E-19    6.938893903907228E-18    0.01298701298701308      -2.0522459139178864
