% Model:              new_trap_efield_far.mph
% Version:            COMSOL 5.0.0.243
% Date:               Dec 2 2019, 13:30
% Dimension:          3
% Nodes:              1001
% Expressions:        1
% Description:        Electric field, x component
% Length unit:        m
% x                       y                        z                        es.Ex (V/m)
-0.012987012987013082     6.938893903907228E-18    -1.0408340855860843E-16  2.055303182334228
-0.012961038961039055     6.938893903907228E-18    -1.0408340855860843E-16  2.0531032378619045
-0.012935064935065028     6.938893903907228E-18    -1.0408340855860843E-16  2.0554936533740147
-0.012909090909091002     6.938893903907228E-18    -1.0408340855860843E-16  2.057884068885926
-0.012883116883116975     6.938893903907228E-18    -1.0408340855860843E-16  2.0602744844003666
-0.012857142857142952     6.938893903907228E-18    -1.0408340855860843E-16  2.062664899912221
-0.012831168831168926     6.938893903907228E-18    -1.0408340855860843E-16  2.0650553154248144
-0.0128051948051949       6.938893903907228E-18    -1.0408340855860843E-16  2.067445730937891
-0.012779220779220873     6.938893903907228E-18    -1.0408340855860843E-16  2.069836146449674
-0.012753246753246846     6.938893903907228E-18    -1.0408340855860843E-16  2.0722265619622817
-0.01272727272727282      6.938893903907228E-18    -1.0408340855860843E-16  2.0746169774759124
-0.012701298701298793     6.938893903907228E-18    -1.0408340855860843E-16  2.0758401020659107
-0.012675324675324768     6.938893903907228E-18    -1.0408340855860843E-16  2.0779804452203052
-0.01264935064935074      6.938893903907228E-18    -1.0408340855860843E-16  2.080120788374643
-0.012623376623376715     6.938893903907228E-18    -1.0408340855860843E-16  2.0822611315311406
-0.01259740259740269      6.938893903907228E-18    -1.0408340855860843E-16  2.084401474683773
-0.012571428571428662     6.938893903907228E-18    -1.0408340855860843E-16  2.0948030104184454
-0.012545454545454637     6.938893903907228E-18    -1.0408340855860843E-16  2.1003757046084957
-0.01251948051948061      6.938893903907228E-18    -1.0408340855860843E-16  2.1056856425077513
-0.012493506493506584     6.938893903907228E-18    -1.0408340855860843E-16  2.1109955804057563
-0.012467532467532558     6.938893903907228E-18    -1.0408340855860843E-16  2.112494223681324
-0.012441558441558531     6.938893903907228E-18    -1.0408340855860843E-16  2.1194073057554306
-0.012415584415584506     6.938893903907228E-18    -1.0408340855860843E-16  2.12632038783147
-0.01238961038961048      6.938893903907228E-18    -1.0408340855860843E-16  2.1332334699073954
-0.012363636363636455     6.938893903907228E-18    -1.0408340855860843E-16  2.140146551982923
-0.012337662337662429     6.938893903907228E-18    -1.0408340855860843E-16  2.147059634058621
-0.012311688311688402     6.938893903907228E-18    -1.0408340855860843E-16  2.1539727161338647
-0.012285714285714375     6.938893903907228E-18    -1.0408340855860843E-16  2.1605834364472116
-0.012259740259740349     6.938893903907228E-18    -1.0408340855860843E-16  2.1672586426709017
-0.012233766233766322     6.938893903907228E-18    -1.0408340855860843E-16  2.1739338488949898
-0.012207792207792296     6.938893903907228E-18    -1.0408340855860843E-16  2.186434317005933
-0.01218181818181827      6.938893903907228E-18    -1.0408340855860843E-16  2.194921777390732
-0.012155844155844246     6.938893903907228E-18    -1.0408340855860843E-16  2.203409237778544
-0.012129870129870218     6.938893903907228E-18    -1.0408340855860843E-16  2.2118966981661288
-0.012103896103896193     6.938893903907228E-18    -1.0408340855860843E-16  2.2172400787235347
-0.012077922077922167     6.938893903907228E-18    -1.0408340855860843E-16  2.2292780701459947
-0.01205194805194814      6.938893903907228E-18    -1.0408340855860843E-16  2.241316061571837
-0.012025974025974114     6.938893903907228E-18    -1.0408340855860843E-16  2.2538552999207866
-0.012000000000000087     6.938893903907228E-18    -1.0408340855860843E-16  2.265336112384958
-0.01197402597402606      6.938893903907228E-18    -1.0408340855860843E-16  2.276816924850607
-0.011948051948052034     6.938893903907228E-18    -1.0408340855860843E-16  2.288297737315247
-0.01192207792207801      6.938893903907228E-18    -1.0408340855860843E-16  2.299778549782104
-0.011896103896103984     6.938893903907228E-18    -1.0408340855860843E-16  2.311259362246915
-0.011870129870129956     6.938893903907228E-18    -1.0408340855860843E-16  2.3227401747121803
-0.011844155844155931     6.938893903907228E-18    -1.0408340855860843E-16  2.3342209871739215
-0.011818181818181905     6.938893903907228E-18    -1.0408340855860843E-16  2.3434063351232908
-0.011792207792207878     6.938893903907228E-18    -1.0408340855860843E-16  2.36204493147784
-0.011766233766233852     6.938893903907228E-18    -1.0408340855860843E-16  2.375672895628213
-0.011740259740259825     6.938893903907228E-18    -1.0408340855860843E-16  2.3913940751508562
-0.011714285714285799     6.938893903907228E-18    -1.0408340855860843E-16  2.407115254676228
-0.011688311688311772     6.938893903907228E-18    -1.0408340855860843E-16  2.42283643420069
-0.011662337662337749     6.938893903907228E-18    -1.0408340855860843E-16  2.4385576137237877
-0.01163636363636372      6.938893903907228E-18    -1.0408340855860843E-16  2.453273917047781
-0.011610389610389696     6.938893903907228E-18    -1.0408340855860843E-16  2.4683084109318827
-0.01158441558441567      6.938893903907228E-18    -1.0408340855860843E-16  2.483342904814549
-0.011558441558441643     6.938893903907228E-18    -1.0408340855860843E-16  2.498377398698949
-0.011532467532467616     6.938893903907228E-18    -1.0408340855860843E-16  2.513411892583008
-0.01150649350649359      6.938893903907228E-18    -1.0408340855860843E-16  2.5284463864666122
-0.011480519480519565     6.938893903907228E-18    -1.0408340855860843E-16  2.545374768608781
-0.011454545454545537     6.938893903907228E-18    -1.0408340855860843E-16  2.5668066073575346
-0.011428571428571512     6.938893903907228E-18    -1.0408340855860843E-16  2.588238446107482
-0.011402597402597487     6.938893903907228E-18    -1.0408340855860843E-16  2.60967028485868
-0.011376623376623459     6.938893903907228E-18    -1.0408340855860843E-16  2.6311021236092813
-0.011350649350649434     6.938893903907228E-18    -1.0408340855860843E-16  2.6520710235708975
-0.011324675324675407     6.938893903907228E-18    -1.0408340855860843E-16  2.6719122537438125
-0.011298701298701381     6.938893903907228E-18    -1.0408340855860843E-16  2.691753483915818
-0.011272727272727354     6.938893903907228E-18    -1.0408340855860843E-16  2.7115947140891876
-0.011246753246753328     6.938893903907228E-18    -1.0408340855860843E-16  2.731435944266167
-0.011220779220779303     6.938893903907228E-18    -1.0408340855860843E-16  2.7554089633895273
-0.011194805194805276     6.938893903907228E-18    -1.0408340855860843E-16  2.7764653759741122
-0.011168831168831252     6.938893903907228E-18    -1.0408340855860843E-16  2.7959725059563425
-0.011142857142857225     6.938893903907228E-18    -1.0408340855860843E-16  2.8224365077419407
-0.011116883116883197     6.938893903907228E-18    -1.0408340855860843E-16  2.8489005095243556
-0.011090909090909172     6.938893903907228E-18    -1.0408340855860843E-16  2.871547383167581
-0.011064935064935146     6.938893903907228E-18    -1.0408340855860843E-16  2.898428560077491
-0.011038961038961119     6.938893903907228E-18    -1.0408340855860843E-16  2.92530973698706
-0.011012987012987092     6.938893903907228E-18    -1.0408340855860843E-16  2.952190913897141
-0.010987012987013066     6.938893903907228E-18    -1.0408340855860843E-16  2.9790720908072217
-0.010961038961039043     6.938893903907228E-18    -1.0408340855860843E-16  3.0059532677173593
-0.010935064935065015     6.938893903907228E-18    -1.0408340855860843E-16  3.0328344446279516
-0.01090909090909099      6.938893903907228E-18    -1.0408340855860843E-16  3.0597156215376344
-0.010883116883116963     6.938893903907228E-18    -1.0408340855860843E-16  3.0865967984482268
-0.010857142857142937     6.938893903907228E-18    -1.0408340855860843E-16  3.1134779753565454
-0.01083116883116891      6.938893903907228E-18    -1.0408340855860843E-16  3.140359152270321
-0.010805194805194884     6.938893903907228E-18    -1.0408340855860843E-16  3.1644625197900496
-0.010779220779220859     6.938893903907228E-18    -1.0408340855860843E-16  3.200089490008395
-0.01075324675324683      6.938893903907228E-18    -1.0408340855860843E-16  3.235716460225831
-0.010727272727272807     6.938893903907228E-18    -1.0408340855860843E-16  3.273466603867746
-0.010701298701298781     6.938893903907228E-18    -1.0408340855860843E-16  3.3081583389870275
-0.010675324675324753     6.938893903907228E-18    -1.0408340855860843E-16  3.3428500741042626
-0.010649350649350728     6.938893903907228E-18    -1.0408340855860843E-16  3.3775418092219525
-0.010623376623376701     6.938893903907228E-18    -1.0408340855860843E-16  3.4116156224802126
-0.010597402597402675     6.938893903907228E-18    -1.0408340855860843E-16  3.445757222957525
-0.010571428571428648     6.938893903907228E-18    -1.0408340855860843E-16  3.4798988234318244
-0.010545454545454622     6.938893903907228E-18    -1.0408340855860843E-16  3.514040423907602
-0.010519480519480595     6.938893903907228E-18    -1.0408340855860843E-16  3.5481820243844027
-0.010493506493506569     6.938893903907228E-18    -1.0408340855860843E-16  3.5823236248564996
-0.010467532467532546     6.938893903907228E-18    -1.0408340855860843E-16  3.6164652253364693
-0.010441558441558517     6.938893903907228E-18    -1.0408340855860843E-16  3.6704246371923546
-0.010415584415584492     6.938893903907228E-18    -1.0408340855860843E-16  3.7033699635552466
-0.010389610389610466     6.938893903907228E-18    -1.0408340855860843E-16  3.7465916163099564
-0.01036363636363644      6.938893903907228E-18    -1.0408340855860843E-16  3.789813269062847
-0.010337662337662413     6.938893903907228E-18    -1.0408340855860843E-16  3.8330349218169886
-0.010311688311688386     6.938893903907228E-18    -1.0408340855860843E-16  3.876256574570789
-0.010285714285714362     6.938893903907228E-18    -1.0408340855860843E-16  3.9180501999987882
-0.010259740259740333     6.938893903907228E-18    -1.0408340855860843E-16  3.96167811222449
-0.010233766233766307     6.938893903907228E-18    -1.0408340855860843E-16  4.005306024450988
-0.010207792207792284     6.938893903907228E-18    -1.0408340855860843E-16  4.048933936674416
-0.010181818181818257     6.938893903907228E-18    -1.0408340855860843E-16  4.092561848901539
-0.01015584415584423      6.938893903907228E-18    -1.0408340855860843E-16  4.139059472897344
-0.010129870129870204     6.938893903907228E-18    -1.0408340855860843E-16  4.1927121717748435
-0.010103896103896177     6.938893903907228E-18    -1.0408340855860843E-16  4.246364870649586
-0.010077922077922151     6.938893903907228E-18    -1.0408340855860843E-16  4.3000175695252665
-0.010051948051948124     6.938893903907228E-18    -1.0408340855860843E-16  4.353670268400265
-0.010025974025974101     6.938893903907228E-18    -1.0408340855860843E-16  4.407322967274808
-0.010000000000000071     6.938893903907228E-18    -1.0408340855860843E-16  4.4574448846819905
-0.009974025974026048     6.938893903907228E-18    -1.0408340855860843E-16  4.518866675421123
-0.009948051948052022     6.938893903907228E-18    -1.0408340855860843E-16  4.572907189356101
-0.009922077922077993     6.938893903907228E-18    -1.0408340855860843E-16  4.62714594761826
-0.009896103896103969     6.938893903907228E-18    -1.0408340855860843E-16  4.674170081768125
-0.009870129870129942     6.938893903907228E-18    -1.0408340855860843E-16  4.739216519952151
-0.009844155844155916     6.938893903907228E-18    -1.0408340855860843E-16  4.799622496048187
-0.009818181818181889     6.938893903907228E-18    -1.0408340855860843E-16  4.860028472143767
-0.009792207792207862     6.938893903907228E-18    -1.0408340855860843E-16  4.920434448239462
-0.00976623376623384      6.938893903907228E-18    -1.0408340855860843E-16  4.980840424336616
-0.009740259740259811     6.938893903907228E-18    -1.0408340855860843E-16  5.041246400433124
-0.009714285714285786     6.938893903907228E-18    -1.0408340855860843E-16  5.101652376528136
-0.00968831168831176      6.938893903907228E-18    -1.0408340855860843E-16  5.162058352625536
-0.009662337662337733     6.938893903907228E-18    -1.0408340855860843E-16  5.2314088540868795
-0.009636363636363707     6.938893903907228E-18    -1.0408340855860843E-16  5.305173160199232
-0.00961038961038968      6.938893903907228E-18    -1.0408340855860843E-16  5.378937466310347
-0.009584415584415655     6.938893903907228E-18    -1.0408340855860843E-16  5.452701772425655
-0.009558441558441627     6.938893903907228E-18    -1.0408340855860843E-16  5.52646607853859
-0.009532467532467604     6.938893903907228E-18    -1.0408340855860843E-16  5.6002303846503025
-0.009506493506493578     6.938893903907228E-18    -1.0408340855860843E-16  5.673994690761987
-0.00948051948051955      6.938893903907228E-18    -1.0408340855860843E-16  5.759780641821408
-0.009454545454545524     6.938893903907228E-18    -1.0408340855860843E-16  5.8186843252569815
-0.009428571428571498     6.938893903907228E-18    -1.0408340855860843E-16  5.903523952424393
-0.009402597402597471     6.938893903907228E-18    -1.0408340855860843E-16  5.988363579593624
-0.009376623376623445     6.938893903907228E-18    -1.0408340855860843E-16  6.0732032067609225
-0.009350649350649418     6.938893903907228E-18    -1.0408340855860843E-16  6.1580428339308355
-0.009324675324675392     6.938893903907228E-18    -1.0408340855860843E-16  6.242882461099953
-0.009298701298701365     6.938893903907228E-18    -1.0408340855860843E-16  6.33905944445587
-0.009272727272727342     6.938893903907228E-18    -1.0408340855860843E-16  6.427414807160858
-0.009246753246753314     6.938893903907228E-18    -1.0408340855860843E-16  6.5157701698651636
-0.009220779220779289     6.938893903907228E-18    -1.0408340855860843E-16  6.60412553256856
-0.009194805194805263     6.938893903907228E-18    -1.0408340855860843E-16  6.687479923165881
-0.009168831168831234     6.938893903907228E-18    -1.0408340855860843E-16  6.772690375826414
-0.00914285714285721      6.938893903907228E-18    -1.0408340855860843E-16  6.8579008284887095
-0.009116883116883183     6.938893903907228E-18    -1.0408340855860843E-16  6.976853642099741
-0.00909090909090916      6.938893903907228E-18    -1.0408340855860843E-16  7.087914132207288
-0.00906493506493513      6.938893903907228E-18    -1.0408340855860843E-16  7.19881737241667
-0.009038961038961103     6.938893903907228E-18    -1.0408340855860843E-16  7.306493767495681
-0.00901298701298708      6.938893903907228E-18    -1.0408340855860843E-16  7.414170162571281
-0.008987012987013054     6.938893903907228E-18    -1.0408340855860843E-16  7.493427797339194
-0.008961038961039027     6.938893903907228E-18    -1.0408340855860843E-16  7.608902370663998
-0.008935064935065        6.938893903907228E-18    -1.0408340855860843E-16  7.724376943988403
-0.008909090909090974     6.938893903907228E-18    -1.0408340855860843E-16  7.839851517314173
-0.008883116883116948     6.938893903907228E-18    -1.0408340855860843E-16  7.955326090639943
-0.008857142857142921     6.938893903907228E-18    -1.0408340855860843E-16  8.070800663964292
-0.008831168831168898     6.938893903907228E-18    -1.0408340855860843E-16  8.18627523728972
-0.008805194805194868     6.938893903907228E-18    -1.0408340855860843E-16  8.301749810615831
-0.008779220779220845     6.938893903907228E-18    -1.0408340855860843E-16  8.477162979573563
-0.008753246753246818     6.938893903907228E-18    -1.0408340855860843E-16  8.601769566213306
-0.00872727272727279      6.938893903907228E-18    -1.0408340855860843E-16  8.726376152854073
-0.008701298701298765     6.938893903907228E-18    -1.0408340855860843E-16  8.860646141907182
-0.008675324675324739     6.938893903907228E-18    -1.0408340855860843E-16  8.91893257320828
-0.008649350649350712     6.938893903907228E-18    -1.0408340855860843E-16  9.083106801228269
-0.008623376623376686     6.938893903907228E-18    -1.0408340855860843E-16  9.247281029246551
-0.008597402597402659     6.938893903907228E-18    -1.0408340855860843E-16  9.411455257267903
-0.008571428571428633     6.938893903907228E-18    -1.0408340855860843E-16  9.5756294852863
-0.008545454545454608     6.938893903907228E-18    -1.0408340855860843E-16  9.704161158750082
-0.008519480519480583     6.938893903907228E-18    -1.0408340855860843E-16  9.862358505458587
-0.008493506493506556     6.938893903907228E-18    -1.0408340855860843E-16  10.020555852166126
-0.00846753246753253      6.938893903907228E-18    -1.0408340855860843E-16  10.178753198874347
-0.008441558441558503     6.938893903907228E-18    -1.0408340855860843E-16  10.336950545581374
-0.008415584415584477     6.938893903907228E-18    -1.0408340855860843E-16  10.495147892289708
-0.008389610389610454     6.938893903907228E-18    -1.0408340855860843E-16  10.65334523899736
-0.008363636363636424     6.938893903907228E-18    -1.0408340855860843E-16  10.811542585705382
-0.0083376623376624       6.938893903907228E-18    -1.0408340855860843E-16  10.969739932414114
-0.008311688311688374     6.938893903907228E-18    -1.0408340855860843E-16  11.127937279122307
-0.008285714285714346     6.938893903907228E-18    -1.0408340855860843E-16  11.386517924861892
-0.008259740259740321     6.938893903907228E-18    -1.0408340855860843E-16  11.477970875488836
-0.008233766233766295     6.938893903907228E-18    -1.0408340855860843E-16  11.688575501977766
-0.008207792207792268     6.938893903907228E-18    -1.0408340855860843E-16  11.899180128469197
-0.008181818181818241     6.938893903907228E-18    -1.0408340855860843E-16  12.127644767925176
-0.008155844155844215     6.938893903907228E-18    -1.0408340855860843E-16  12.323085953821192
-0.008129870129870188     6.938893903907228E-18    -1.0408340855860843E-16  12.518527139718685
-0.008103896103896162     6.938893903907228E-18    -1.0408340855860843E-16  12.700909609780737
-0.008077922077922139     6.938893903907228E-18    -1.0408340855860843E-16  12.931370971932424
-0.00805194805194811      6.938893903907228E-18    -1.0408340855860843E-16  13.161832334083208
-0.008025974025974086     6.938893903907228E-18    -1.0408340855860843E-16  13.395052489883234
-0.00800000000000006      6.938893903907228E-18    -1.0408340855860843E-16  13.6193471094396
-0.007974025974026031     6.938893903907228E-18    -1.0408340855860843E-16  13.843641728996158
-0.007948051948052006     6.938893903907228E-18    -1.0408340855860843E-16  14.067936348552799
-0.00792207792207798      6.938893903907228E-18    -1.0408340855860843E-16  14.292230968108251
-0.007896103896103956     6.938893903907228E-18    -1.0408340855860843E-16  14.51652558766559
-0.007870129870129926     6.938893903907228E-18    -1.0408340855860843E-16  14.740820207221889
-0.0078441558441559       6.938893903907228E-18    -1.0408340855860843E-16  14.96511482677848
-0.007818181818181877     6.938893903907228E-18    -1.0408340855860843E-16  15.189409446335151
-0.00779220779220785      6.938893903907228E-18    -1.0408340855860843E-16  15.510338259886112
-0.007766233766233824     6.938893903907228E-18    -1.0408340855860843E-16  15.790571292754066
-0.007740259740259797     6.938893903907228E-18    -1.0408340855860843E-16  16.10060034788036
-0.007714285714285771     6.938893903907228E-18    -1.0408340855860843E-16  16.38110990634891
-0.007688311688311744     6.938893903907228E-18    -1.0408340855860843E-16  16.661619464818727
-0.0076623376623377185    6.938893903907228E-18    -1.0408340855860843E-16  16.942129023286952
-0.007636363636363694     6.938893903907228E-18    -1.0408340855860843E-16  17.22263858175529
-0.007610389610389665     6.938893903907228E-18    -1.0408340855860843E-16  17.503148140225676
-0.0075844155844156415    6.938893903907228E-18    -1.0408340855860843E-16  17.74211657692271
-0.007558441558441615     6.938893903907228E-18    -1.0408340855860843E-16  18.09009984806005
-0.007532467532467587     6.938893903907228E-18    -1.0408340855860843E-16  18.43808311919844
-0.007506493506493562     6.938893903907228E-18    -1.0408340855860843E-16  18.78606639033501
-0.007480519480519535     6.938893903907228E-18    -1.0408340855860843E-16  19.134049661474023
-0.007454545454545509     6.938893903907228E-18    -1.0408340855860843E-16  19.482032932610878
-0.007428571428571483     6.938893903907228E-18    -1.0408340855860843E-16  19.830016203749096
-0.007402597402597457     6.938893903907228E-18    -1.0408340855860843E-16  20.177999474886633
-0.00737662337662343      6.938893903907228E-18    -1.0408340855860843E-16  20.49023370886789
-0.007350649350649404     6.938893903907228E-18    -1.0408340855860843E-16  20.89926438963448
-0.00732467532467538      6.938893903907228E-18    -1.0408340855860843E-16  21.24291343267282
-0.007298701298701351     6.938893903907228E-18    -1.0408340855860843E-16  21.586562475711617
-0.0072727272727273265    6.938893903907228E-18    -1.0408340855860843E-16  21.930211518749275
-0.0072467532467533       6.938893903907228E-18    -1.0408340855860843E-16  22.273860561788297
-0.007220779220779273     6.938893903907228E-18    -1.0408340855860843E-16  22.72321746783973
-0.0071948051948052495    6.938893903907228E-18    -1.0408340855860843E-16  23.177045615651423
-0.00716883116883122      6.938893903907228E-18    -1.0408340855860843E-16  23.6308737634655
-0.007142857142857196     6.938893903907228E-18    -1.0408340855860843E-16  24.084701911277534
-0.007116883116883171     6.938893903907228E-18    -1.0408340855860843E-16  24.538530059091045
-0.0070909090909091425    6.938893903907228E-18    -1.0408340855860843E-16  24.992358206902054
-0.007064935064935118     6.938893903907228E-18    -1.0408340855860843E-16  25.44618635471511
-0.007038961038961091     6.938893903907228E-18    -1.0408340855860843E-16  25.891115667703616
-0.007012987012987065     6.938893903907228E-18    -1.0408340855860843E-16  26.345808951757135
-0.006987012987013038     6.938893903907228E-18    -1.0408340855860843E-16  26.800502235812473
-0.006961038961039012     6.938893903907228E-18    -1.0408340855860843E-16  27.255195519865765
-0.006935064935064985     6.938893903907228E-18    -1.0408340855860843E-16  27.70988880391951
-0.006909090909090959     6.938893903907228E-18    -1.0408340855860843E-16  28.164582087971667
-0.006883116883116935     6.938893903907228E-18    -1.0408340855860843E-16  28.55927362266941
-0.006857142857142907     6.938893903907228E-18    -1.0408340855860843E-16  29.291848491988276
-0.006831168831168882     6.938893903907228E-18    -1.0408340855860843E-16  29.8787701447809
-0.006805194805194856     6.938893903907228E-18    -1.0408340855860843E-16  30.465691797571026
-0.0067792207792208275    6.938893903907228E-18    -1.0408340855860843E-16  31.052613450362514
-0.006753246753246803     6.938893903907228E-18    -1.0408340855860843E-16  31.639535103153776
-0.006727272727272776     6.938893903907228E-18    -1.0408340855860843E-16  32.226456755945264
-0.00670129870129875      6.938893903907228E-18    -1.0408340855860843E-16  32.813378408737094
-0.006675324675324724     6.938893903907228E-18    -1.0408340855860843E-16  33.4003000615279
-0.006649350649350697     6.938893903907228E-18    -1.0408340855860843E-16  33.9852114135044
-0.0066233766233766735    6.938893903907228E-18    -1.0408340855860843E-16  34.578685277443384
-0.006597402597402647     6.938893903907228E-18    -1.0408340855860843E-16  35.172159141382224
-0.00657142857142862      6.938893903907228E-18    -1.0408340855860843E-16  35.765633005322115
-0.006545454545454594     6.938893903907228E-18    -1.0408340855860843E-16  36.359106869262234
-0.006519480519480567     6.938893903907228E-18    -1.0408340855860843E-16  36.937703165382345
-0.006493506493506541     6.938893903907228E-18    -1.0408340855860843E-16  37.71679315600693
-0.006467532467532515     6.938893903907228E-18    -1.0408340855860843E-16  38.49588314663072
-0.00644155844155849      6.938893903907228E-18    -1.0408340855860843E-16  39.27497313725331
-0.006415584415584463     6.938893903907228E-18    -1.0408340855860843E-16  40.05406312787704
-0.006389610389610436     6.938893903907228E-18    -1.0408340855860843E-16  40.83315311850083
-0.0063636363636364116    6.938893903907228E-18    -1.0408340855860843E-16  41.61224310912394
-0.006337662337662383     6.938893903907228E-18    -1.0408340855860843E-16  42.39133309974818
-0.0063116883116883585    6.938893903907228E-18    -1.0408340855860843E-16  43.15201442246871
-0.006285714285714332     6.938893903907228E-18    -1.0408340855860843E-16  43.900610856650474
-0.006259740259740305     6.938893903907228E-18    -1.0408340855860843E-16  44.64920729083258
-0.006233766233766279     6.938893903907228E-18    -1.0408340855860843E-16  45.666694258022005
-0.006207792207792253     6.938893903907228E-18    -1.0408340855860843E-16  46.471163675930256
-0.006181818181818227     6.938893903907228E-18    -1.0408340855860843E-16  47.07073057199011
-0.0061558441558442       6.938893903907228E-18    -1.0408340855860843E-16  48.03510778838108
-0.006129870129870176     6.938893903907228E-18    -1.0408340855860843E-16  48.99948500477194
-0.006103896103896148     6.938893903907228E-18    -1.0408340855860843E-16  49.9611227002988
-0.006077922077922123     6.938893903907228E-18    -1.0408340855860843E-16  50.851094568737714
-0.006051948051948097     6.938893903907228E-18    -1.0408340855860843E-16  51.77094921997293
-0.006025974025974068     6.938893903907228E-18    -1.0408340855860843E-16  52.690803871209056
-0.006000000000000046     6.938893903907228E-18    -1.0408340855860843E-16  53.610658522444275
-0.005974025974026018     6.938893903907228E-18    -1.0408340855860843E-16  54.53051317368017
-0.005948051948051992     6.938893903907228E-18    -1.0408340855860843E-16  55.450367824914935
-0.005922077922077967     6.938893903907228E-18    -1.0408340855860843E-16  56.37022247615106
-0.005896103896103939     6.938893903907228E-18    -1.0408340855860843E-16  57.52735237002304
-0.005870129870129914     6.938893903907228E-18    -1.0408340855860843E-16  58.598486972383114
-0.005844155844155888     6.938893903907228E-18    -1.0408340855860843E-16  59.66962157474637
-0.005818181818181861     6.938893903907228E-18    -1.0408340855860843E-16  60.46363023570392
-0.005792207792207835     6.938893903907228E-18    -1.0408340855860843E-16  61.65679938605117
-0.005766233766233808     6.938893903907228E-18    -1.0408340855860843E-16  62.84996853639731
-0.0057402597402597825    6.938893903907228E-18    -1.0408340855860843E-16  64.04313768674527
-0.005714285714285756     6.938893903907228E-18    -1.0408340855860843E-16  65.23630683709172
-0.005688311688311731     6.938893903907228E-18    -1.0408340855860843E-16  66.42947598743939
-0.005662337662337704     6.938893903907228E-18    -1.0408340855860843E-16  67.62264513778672
-0.005636363636363677     6.938893903907228E-18    -1.0408340855860843E-16  68.81581428813396
-0.005610389610389652     6.938893903907228E-18    -1.0408340855860843E-16  70.00898343848172
-0.005584415584415624     6.938893903907228E-18    -1.0408340855860843E-16  71.2021525888278
-0.005558441558441599     6.938893903907228E-18    -1.0408340855860843E-16  72.43666325780123
-0.005532467532467574     6.938893903907228E-18    -1.0408340855860843E-16  73.5283301649324
-0.005506493506493546     6.938893903907228E-18    -1.0408340855860843E-16  74.66656145191246
-0.005480519480519523     6.938893903907228E-18    -1.0408340855860843E-16  75.80479273889318
-0.005454545454545495     6.938893903907228E-18    -1.0408340855860843E-16  76.94302402587255
-0.0054285714285714675    6.938893903907228E-18    -1.0408340855860843E-16  78.76152669282656
-0.0054025974025974435    6.938893903907228E-18    -1.0408340855860843E-16  79.936651848064
-0.005376623376623417     6.938893903907228E-18    -1.0408340855860843E-16  81.3053565741227
-0.0053506493506493905    6.938893903907228E-18    -1.0408340855860843E-16  82.6740613001815
-0.005324675324675364     6.938893903907228E-18    -1.0408340855860843E-16  84.04276602623827
-0.005298701298701337     6.938893903907228E-18    -1.0408340855860843E-16  85.2790625512283
-0.005272727272727312     6.938893903907228E-18    -1.0408340855860843E-16  86.686391020441
-0.005246753246753287     6.938893903907228E-18    -1.0408340855860843E-16  88.09371948965494
-0.005220779220779259     6.938893903907228E-18    -1.0408340855860843E-16  89.501047958868
-0.005194805194805233     6.938893903907228E-18    -1.0408340855860843E-16  90.90837642808114
-0.005168831168831207     6.938893903907228E-18    -1.0408340855860843E-16  92.31570489729455
-0.00514285714285718      6.938893903907228E-18    -1.0408340855860843E-16  93.72303336650828
-0.005116883116883155     6.938893903907228E-18    -1.0408340855860843E-16  95.13036183572042
-0.0050909090909091285    6.938893903907228E-18    -1.0408340855860843E-16  96.53769030493424
-0.005064935064935103     6.938893903907228E-18    -1.0408340855860843E-16  97.9450187741481
-0.005038961038961076     6.938893903907228E-18    -1.0408340855860843E-16  99.50509406078913
-0.00501298701298705      6.938893903907228E-18    -1.0408340855860843E-16  101.01798330919769
-0.004987012987013023     6.938893903907228E-18    -1.0408340855860843E-16  102.4641664518806
-0.004961038961038997     6.938893903907228E-18    -1.0408340855860843E-16  103.95980013561393
-0.004935064935064973     6.938893903907228E-18    -1.0408340855860843E-16  105.45543381934925
-0.0049090909090909445    6.938893903907228E-18    -1.0408340855860843E-16  106.95106750308389
-0.00488311688311692      6.938893903907228E-18    -1.0408340855860843E-16  108.44670118681756
-0.004857142857142893     6.938893903907228E-18    -1.0408340855860843E-16  109.94233487055362
-0.004831168831168865     6.938893903907228E-18    -1.0408340855860843E-16  111.43796855428764
-0.004805194805194843     6.938893903907228E-18    -1.0408340855860843E-16  112.93360223802165
-0.004779220779220814     6.938893903907228E-18    -1.0408340855860843E-16  114.42923592175703
-0.004753246753246789     6.938893903907228E-18    -1.0408340855860843E-16  115.92486960549013
-0.004727272727272763     6.938893903907228E-18    -1.0408340855860843E-16  117.4398104462839
-0.004701298701298735     6.938893903907228E-18    -1.0408340855860843E-16  119.0065650975207
-0.004675324675324711     6.938893903907228E-18    -1.0408340855860843E-16  120.450751912812
-0.004649350649350684     6.938893903907228E-18    -1.0408340855860843E-16  121.8828278600779
-0.004623376623376658     6.938893903907228E-18    -1.0408340855860843E-16  123.34188185243306
-0.004597402597402632     6.938893903907228E-18    -1.0408340855860843E-16  124.80093584478834
-0.004571428571428605     6.938893903907228E-18    -1.0408340855860843E-16  126.25998983714288
-0.004545454545454579     6.938893903907228E-18    -1.0408340855860843E-16  127.7190438294985
-0.0045194805194805525    6.938893903907228E-18    -1.0408340855860843E-16  129.17809782185327
-0.004493506493506528     6.938893903907228E-18    -1.0408340855860843E-16  130.63715181420832
-0.0044675324675325       6.938893903907228E-18    -1.0408340855860843E-16  132.09620580656338
-0.004441558441558474     6.938893903907228E-18    -1.0408340855860843E-16  133.55525979891888
-0.004415584415584449     6.938893903907228E-18    -1.0408340855860843E-16  135.01431379127422
-0.004389610389610421     6.938893903907228E-18    -1.0408340855860843E-16  136.3424438924683
-0.004363636363636396     6.938893903907228E-18    -1.0408340855860843E-16  137.54363342188663
-0.00433766233766237      6.938893903907228E-18    -1.0408340855860843E-16  138.92896515330096
-0.004311688311688344     6.938893903907228E-18    -1.0408340855860843E-16  140.31429688470973
-0.004285714285714319     6.938893903907228E-18    -1.0408340855860843E-16  141.92252295467648
-0.004259740259740291     6.938893903907228E-18    -1.0408340855860843E-16  143.11329484321925
-0.004233766233766264     6.938893903907228E-18    -1.0408340855860843E-16  144.29451821202912
-0.00420779220779224      6.938893903907228E-18    -1.0408340855860843E-16  145.48049044346737
-0.004181818181818214     6.938893903907228E-18    -1.0408340855860843E-16  146.66646267490557
-0.004155844155844188     6.938893903907228E-18    -1.0408340855860843E-16  147.8524349063431
-0.0041298701298701605    6.938893903907228E-18    -1.0408340855860843E-16  149.0384071377806
-0.004103896103896134     6.938893903907228E-18    -1.0408340855860843E-16  150.22437936921926
-0.004077922077922108     6.938893903907228E-18    -1.0408340855860843E-16  151.4762432541559
-0.0040519480519480835    6.938893903907228E-18    -1.0408340855860843E-16  152.72494239469458
-0.004025974025974055     6.938893903907228E-18    -1.0408340855860843E-16  153.97364153523483
-0.00400000000000003      6.938893903907228E-18    -1.0408340855860843E-16  155.22234067577307
-0.003974025974026004     6.938893903907228E-18    -1.0408340855860843E-16  156.47103981631244
-0.0039480519480519765    6.938893903907228E-18    -1.0408340855860843E-16  157.04777278224572
-0.003922077922077952     6.938893903907228E-18    -1.0408340855860843E-16  157.85838765067143
-0.003896103896103925     6.938893903907228E-18    -1.0408340855860843E-16  158.6690025190989
-0.0038701298701298995    6.938893903907228E-18    -1.0408340855860843E-16  159.72467683372315
-0.003844155844155873     6.938893903907228E-18    -1.0408340855860843E-16  160.54451539945285
-0.0038181818181818464    6.938893903907228E-18    -1.0408340855860843E-16  161.3643539651831
-0.00379220779220782      6.938893903907228E-18    -1.0408340855860843E-16  162.2989357965185
-0.0037662337662337933    6.938893903907228E-18    -1.0408340855860843E-16  163.17763074464642
-0.0037402597402597694    6.938893903907228E-18    -1.0408340855860843E-16  164.05632569277714
-0.003714285714285741     6.938893903907228E-18    -1.0408340855860843E-16  164.93502064090762
-0.0036883116883117163    6.938893903907228E-18    -1.0408340855860843E-16  165.8137155890388
-0.00366233766233769      6.938893903907228E-18    -1.0408340855860843E-16  166.2654087308345
-0.0036363636363636615    6.938893903907228E-18    -1.0408340855860843E-16  166.73577587538614
-0.0036103896103896393    6.938893903907228E-18    -1.0408340855860843E-16  167.2061430199413
-0.003584415584415611     6.938893903907228E-18    -1.0408340855860843E-16  167.6765101644961
-0.0035584415584415845    6.938893903907228E-18    -1.0408340855860843E-16  168.40068620226373
-0.0035324675324675597    6.938893903907228E-18    -1.0408340855860843E-16  168.80021478166907
-0.0035064935064935314    6.938893903907228E-18    -1.0408340855860843E-16  169.19974336107452
-0.0034805194805195075    6.938893903907228E-18    -1.0408340855860843E-16  169.59927194047947
-0.003454545454545481     6.938893903907228E-18    -1.0408340855860843E-16  169.9988005198846
-0.0034285714285714544    6.938893903907228E-18    -1.0408340855860843E-16  170.3983290992902
-0.0034025974025974287    6.938893903907228E-18    -1.0408340855860843E-16  170.79785767869487
-0.003376623376623402     6.938893903907228E-18    -1.0408340855860843E-16  171.19738625809987
-0.0033506493506493757    6.938893903907228E-18    -1.0408340855860843E-16  171.59691483750657
-0.003324675324675349     6.938893903907228E-18    -1.0408340855860843E-16  172.11591309303435
-0.0032987012987013243    6.938893903907228E-18    -1.0408340855860843E-16  172.10192179966919
-0.003272727272727297     6.938893903907228E-18    -1.0408340855860843E-16  172.08793050630493
-0.0032467532467532704    6.938893903907228E-18    -1.0408340855860843E-16  172.07393921294
-0.0032207792207792456    6.938893903907228E-18    -1.0408340855860843E-16  172.05994791957613
-0.0031948051948052173    6.938893903907228E-18    -1.0408340855860843E-16  172.04595662621097
-0.0031688311688311925    6.938893903907228E-18    -1.0408340855860843E-16  172.03196533284745
-0.003142857142857167     6.938893903907228E-18    -1.0408340855860843E-16  172.01797403948171
-0.0031168831168831403    6.938893903907228E-18    -1.0408340855860843E-16  172.00398274611825
-0.0030909090909091155    6.938893903907228E-18    -1.0408340855860843E-16  171.98999145275366
-0.0030649350649350872    6.938893903907228E-18    -1.0408340855860843E-16  171.97600015938792
-0.0030389610389610607    6.938893903907228E-18    -1.0408340855860843E-16  171.46102036850812
-0.0030129870129870368    6.938893903907228E-18    -1.0408340855860843E-16  171.36937539425526
-0.00298701298701301      6.938893903907228E-18    -1.0408340855860843E-16  171.41596304574773
-0.002961038961038982     6.938893903907228E-18    -1.0408340855860843E-16  171.29988832491927
-0.002935064935064958     6.938893903907228E-18    -1.0408340855860843E-16  171.20652571451274
-0.0029090909090909306    6.938893903907228E-18    -1.0408340855860843E-16  170.7442379504614
-0.002883116883116905     6.938893903907228E-18    -1.0408340855860843E-16  170.28195018640918
-0.00285714285714288      6.938893903907228E-18    -1.0408340855860843E-16  169.8196624223565
-0.002831168831168852     6.938893903907228E-18    -1.0408340855860843E-16  169.3526814297236
-0.002805194805194826     6.938893903907228E-18    -1.0408340855860843E-16  168.93747366258492
-0.0027792207792208014    6.938893903907228E-18    -1.0408340855860843E-16  168.52226589544614
-0.002753246753246773     6.938893903907228E-18    -1.0408340855860843E-16  168.10705812830776
-0.0027272727272727483    6.938893903907228E-18    -1.0408340855860843E-16  167.69185036116852
-0.0027012987012987218    6.938893903907228E-18    -1.0408340855860843E-16  167.27664259403105
-0.002675324675324696     6.938893903907228E-18    -1.0408340855860843E-16  166.86143482689135
-0.0026493506493506696    6.938893903907228E-18    -1.0408340855860843E-16  166.06226480576152
-0.002623376623376644     6.938893903907228E-18    -1.0408340855860843E-16  165.41576863009027
-0.0025974025974026165    6.938893903907228E-18    -1.0408340855860843E-16  164.7692724544185
-0.00257142857142859      6.938893903907228E-18    -1.0408340855860843E-16  164.41480618985594
-0.002545454545454565     6.938893903907228E-18    -1.0408340855860843E-16  163.74313851832784
-0.0025194805194805377    6.938893903907228E-18    -1.0408340855860843E-16  163.07147084680062
-0.0024935064935065147    6.938893903907228E-18    -1.0408340855860843E-16  162.39980317527306
-0.0024675324675324864    6.938893903907228E-18    -1.0408340855860843E-16  161.72813550374622
-0.002441558441558459     6.938893903907228E-18    -1.0408340855860843E-16  161.0564678322175
-0.002415584415584435     6.938893903907228E-18    -1.0408340855860843E-16  160.38480016069082
-0.0023896103896104076    6.938893903907228E-18    -1.0408340855860843E-16  159.41739426266489
-0.0023636363636363802    6.938893903907228E-18    -1.0408340855860843E-16  158.6078520322869
-0.002337662337662357     6.938893903907228E-18    -1.0408340855860843E-16  157.8313836362804
-0.002311688311688329     6.938893903907228E-18    -1.0408340855860843E-16  156.98693210530107
-0.0022857142857143032    6.938893903907228E-18    -1.0408340855860843E-16  156.3135729593355
-0.0022597402597402776    6.938893903907228E-18    -1.0408340855860843E-16  155.44375141422313
-0.00223376623376625      6.938893903907228E-18    -1.0408340855860843E-16  154.57392986911123
-0.0022077922077922254    6.938893903907228E-18    -1.0408340855860843E-16  153.70410832399972
-0.0021818181818181997    6.938893903907228E-18    -1.0408340855860843E-16  152.83428677888764
-0.0021558441558441723    6.938893903907228E-18    -1.0408340855860843E-16  151.96446523377517
-0.0021298701298701457    6.938893903907228E-18    -1.0408340855860843E-16  151.09996559152682
-0.00210389610389612      6.938893903907228E-18    -1.0408340855860843E-16  150.16636996983016
-0.0020779220779220935    6.938893903907228E-18    -1.0408340855860843E-16  149.2327743481331
-0.002051948051948068     6.938893903907228E-18    -1.0408340855860843E-16  148.29917872643637
-0.002025974025974042     6.938893903907228E-18    -1.0408340855860843E-16  147.3772873814523
-0.002000000000000015     6.938893903907228E-18    -1.0408340855860843E-16  146.46073492203573
-0.0019740259740259882    6.938893903907228E-18    -1.0408340855860843E-16  145.54418246261997
-0.0019480519480519634    6.938893903907228E-18    -1.0408340855860843E-16  144.52241918565858
-0.001922077922077936     6.938893903907228E-18    -1.0408340855860843E-16  143.5910347493151
-0.0018961038961039104    6.938893903907228E-18    -1.0408340855860843E-16  142.59257933361494
-0.0018701298701298847    6.938893903907228E-18    -1.0408340855860843E-16  141.59412391791557
-0.0018441558441558573    6.938893903907228E-18    -1.0408340855860843E-16  140.59566850221609
-0.0018181818181818334    6.938893903907228E-18    -1.0408340855860843E-16  139.59721308651578
-0.001792207792207806     6.938893903907228E-18    -1.0408340855860843E-16  138.59875767081655
-0.0017662337662337785    6.938893903907228E-18    -1.0408340855860843E-16  137.60030225511633
-0.0017402597402597555    6.938893903907228E-18    -1.0408340855860843E-16  136.60184683941657
-0.0017142857142857272    6.938893903907228E-18    -1.0408340855860843E-16  135.60339142371674
-0.0016883116883117015    6.938893903907228E-18    -1.0408340855860843E-16  134.57590399327697
-0.0016623376623376759    6.938893903907228E-18    -1.0408340855860843E-16  133.5524046006947
-0.0016363636363636485    6.938893903907228E-18    -1.0408340855860843E-16  132.5562801915446
-0.0016103896103896237    6.938893903907228E-18    -1.0408340855860843E-16  131.52614103351885
-0.001584415584415598     6.938893903907228E-18    -1.0408340855860843E-16  130.4960018754935
-0.0015584415584415706    6.938893903907228E-18    -1.0408340855860843E-16  129.4658627174681
-0.001532467532467544     6.938893903907228E-18    -1.0408340855860843E-16  128.43572355944238
-0.0015064935064935184    6.938893903907228E-18    -1.0408340855860843E-16  127.4179962542832
-0.0014805194805194918    6.938893903907228E-18    -1.0408340855860843E-16  126.38598890766771
-0.0014545454545454662    6.938893903907228E-18    -1.0408340855860843E-16  125.353981561052
-0.0014285714285714405    6.938893903907228E-18    -1.0408340855860843E-16  124.32197421443612
-0.001402597402597413     6.938893903907228E-18    -1.0408340855860843E-16  123.28996686782057
-0.0013766233766233866    6.938893903907228E-18    -1.0408340855860843E-16  122.25128304836144
-0.0013506493506493618    6.938893903907228E-18    -1.0408340855860843E-16  121.23262582388418
-0.0013246753246753343    6.938893903907228E-18    -1.0408340855860843E-16  120.21396859940751
-0.0012987012987013087    6.938893903907228E-18    -1.0408340855860843E-16  119.19531137493118
-0.001272727272727283     6.938893903907228E-18    -1.0408340855860843E-16  118.17665415045508
-0.0012467532467532556    6.938893903907228E-18    -1.0408340855860843E-16  117.17135900738151
-0.0012207792207792317    6.938893903907228E-18    -1.0408340855860843E-16  116.15856929033123
-0.0011948051948052043    6.938893903907228E-18    -1.0408340855860843E-16  115.14577957328123
-0.0011688311688311769    6.938893903907228E-18    -1.0408340855860843E-16  114.13298985623044
-0.001142857142857153     6.938893903907228E-18    -1.0408340855860843E-16  113.12020013918055
-0.0011168831168831255    6.938893903907228E-18    -1.0408340855860843E-16  112.10741042213012
-0.0010909090909090998    6.938893903907228E-18    -1.0408340855860843E-16  111.09462070507993
-0.0010649350649350742    6.938893903907228E-18    -1.0408340855860843E-16  110.08183098802994
-0.0010389610389610468    6.938893903907228E-18    -1.0408340855860843E-16  109.06568425572694
-0.001012987012987022     6.938893903907228E-18    -1.0408340855860843E-16  108.08922691926077
-9.870129870129963E-4     6.938893903907228E-18    -1.0408340855860843E-16  107.13963771302497
-9.610389610389689E-4     6.938893903907228E-18    -1.0408340855860843E-16  106.16813471897379
-9.350649350649423E-4     6.938893903907228E-18    -1.0408340855860843E-16  105.19663172492298
-9.090909090909167E-4     6.938893903907228E-18    -1.0408340855860843E-16  104.22512873087219
-8.831168831168901E-4     6.938893903907228E-18    -1.0408340855860843E-16  103.25362573682082
-8.571428571428645E-4     6.938893903907228E-18    -1.0408340855860843E-16  102.28212274276984
-8.311688311688388E-4     6.938893903907228E-18    -1.0408340855860843E-16  101.31061974871852
-8.051948051948114E-4     6.938893903907228E-18    -1.0408340855860843E-16  100.36643929310395
-7.792207792207849E-4     6.938893903907228E-18    -1.0408340855860843E-16  99.41642481983595
-7.532467532467601E-4     6.938893903907228E-18    -1.0408340855860843E-16  98.46641034656699
-7.272727272727326E-4     6.938893903907228E-18    -1.0408340855860843E-16  97.51639587329856
-7.01298701298707E-4      6.938893903907228E-18    -1.0408340855860843E-16  96.56638140003008
-6.753246753246813E-4     6.938893903907228E-18    -1.0408340855860843E-16  95.60226517048311
-6.493506493506539E-4     6.938893903907228E-18    -1.0408340855860843E-16  94.71585092577732
-6.2337662337663E-4       6.938893903907228E-18    -1.0408340855860843E-16  93.82943668107168
-5.974025974026026E-4     6.938893903907228E-18    -1.0408340855860843E-16  92.94302243636554
-5.714285714285752E-4     6.938893903907228E-18    -1.0408340855860843E-16  92.05660819166005
-5.454545454545512E-4     6.938893903907228E-18    -1.0408340855860843E-16  91.17019394695393
-5.194805194805238E-4     6.938893903907228E-18    -1.0408340855860843E-16  90.32670414803033
-4.935064935064981E-4     6.938893903907228E-18    -1.0408340855860843E-16  89.44111028304434
-4.675324675324725E-4     6.938893903907228E-18    -1.0408340855860843E-16  88.52529558991718
-4.4155844155844507E-4    6.938893903907228E-18    -1.0408340855860843E-16  87.61553043723703
-4.1558441558442027E-4    6.938893903907228E-18    -1.0408340855860843E-16  86.70576528455774
-3.8961038961039373E-4    6.938893903907228E-18    -1.0408340855860843E-16  85.95651587652446
-3.636363636363672E-4     6.938893903907228E-18    -1.0408340855860843E-16  85.1291054137705
-3.3766233766234065E-4    6.938893903907228E-18    -1.0408340855860843E-16  84.10396611073526
-3.11688311688315E-4      6.938893903907228E-18    -1.0408340855860843E-16  83.3065857410005
-2.8571428571428845E-4    6.938893903907228E-18    -1.0408340855860843E-16  82.50920537126645
-2.597402597402628E-4     6.938893903907228E-18    -1.0408340855860843E-16  81.7118250015325
-2.3376623376623624E-4    6.938893903907228E-18    -1.0408340855860843E-16  80.91444463179825
-2.077922077922097E-4     6.938893903907228E-18    -1.0408340855860843E-16  80.11706426206399
-1.8181818181818316E-4    6.938893903907228E-18    -1.0408340855860843E-16  79.31968389232964
-1.5584415584415836E-4    6.938893903907228E-18    -1.0408340855860843E-16  78.52230352259579
-1.2987012987013095E-4    6.938893903907228E-18    -1.0408340855860843E-16  77.7249231528613
-1.0389610389610528E-4    6.938893903907228E-18    -1.0408340855860843E-16  76.90366975183235
-7.792207792207875E-5     6.938893903907228E-18    -1.0408340855860843E-16  76.08907024860552
-5.194805194805221E-5     6.938893903907228E-18    -1.0408340855860843E-16  75.25165838863848
-2.5974025974028273E-5    6.938893903907228E-18    -1.0408340855860843E-16  74.61872027552602
-8.673617379884035E-19    6.938893903907228E-18    -1.0408340855860843E-16  73.87996684567355
2.5974025974023936E-5     6.938893903907228E-18    -1.0408340855860843E-16  73.14121341582148
5.194805194805221E-5      6.938893903907228E-18    -1.0408340855860843E-16  72.36961038158645
7.792207792207701E-5      6.938893903907228E-18    -1.0408340855860843E-16  71.62251848168434
1.0389610389610355E-4     6.938893903907228E-18    -1.0408340855860843E-16  70.87542658178197
1.2987012987013182E-4     6.938893903907228E-18    -1.0408340855860843E-16  70.1283346818795
1.5584415584415662E-4     6.938893903907228E-18    -1.0408340855860843E-16  69.381242781977
1.8181818181818143E-4     6.938893903907228E-18    -1.0408340855860843E-16  68.69057692778006
2.0779220779220797E-4     6.938893903907228E-18    -1.0408340855860843E-16  67.9988642098611
2.337662337662345E-4      6.938893903907228E-18    -1.0408340855860843E-16  67.30715149194211
2.5974025974026104E-4     6.938893903907228E-18    -1.0408340855860843E-16  66.60262853835684
2.8571428571428584E-4     6.938893903907228E-18    -1.0408340855860843E-16  65.92135708438416
3.116883116883141E-4      6.938893903907228E-18    -1.0408340855860843E-16  65.24008563041124
3.376623376623389E-4      6.938893903907228E-18    -1.0408340855860843E-16  64.55881417643866
3.6363636363636546E-4     6.938893903907228E-18    -1.0408340855860843E-16  63.89049590198812
3.89610389610392E-4       6.938893903907228E-18    -1.0408340855860843E-16  63.24830701259965
4.1558441558441853E-4     6.938893903907228E-18    -1.0408340855860843E-16  62.60611812321157
4.4155844155844334E-4     6.938893903907228E-18    -1.0408340855860843E-16  61.96392923382318
4.6753246753246814E-4     6.938893903907228E-18    -1.0408340855860843E-16  61.32174034443523
4.935064935064964E-4      6.938893903907228E-18    -1.0408340855860843E-16  60.67955145504689
5.194805194805221E-4      6.938893903907228E-18    -1.0408340855860843E-16  60.0373625656585
5.454545454545478E-4      6.938893903907228E-18    -1.0408340855860843E-16  59.46580090217529
5.71428571428576E-4       6.938893903907228E-18    -1.0408340855860843E-16  58.85177842047919
5.974025974026008E-4      6.938893903907228E-18    -1.0408340855860843E-16  58.237755938782755
6.233766233766256E-4      6.938893903907228E-18    -1.0408340855860843E-16  57.617441008549974
6.493506493506539E-4      6.938893903907228E-18    -1.0408340855860843E-16  56.996387860394975
6.753246753246796E-4      6.938893903907228E-18    -1.0408340855860843E-16  56.310508898866914
7.012987012987052E-4      6.938893903907228E-18    -1.0408340855860843E-16  55.76235848000228
7.272727272727335E-4      6.938893903907228E-18    -1.0408340855860843E-16  55.21420806113764
7.532467532467583E-4      6.938893903907228E-18    -1.0408340855860843E-16  54.66605764227297
7.792207792207831E-4      6.938893903907228E-18    -1.0408340855860843E-16  54.11790722340831
8.051948051948097E-4      6.938893903907228E-18    -1.0408340855860843E-16  53.56975680454373
8.311688311688371E-4      6.938893903907228E-18    -1.0408340855860843E-16  53.02160638567893
8.571428571428627E-4      6.938893903907228E-18    -1.0408340855860843E-16  52.473455966814285
8.831168831168875E-4      6.938893903907228E-18    -1.0408340855860843E-16  51.925305547949655
9.090909090909158E-4      6.938893903907228E-18    -1.0408340855860843E-16  51.377155129084855
9.350649350649406E-4      6.938893903907228E-18    -1.0408340855860843E-16  50.829004710220374
9.610389610389663E-4      6.938893903907228E-18    -1.0408340855860843E-16  50.28085429135561
9.870129870129946E-4      6.938893903907228E-18    -1.0408340855860843E-16  49.79575877583781
0.0010129870129870202     6.938893903907228E-18    -1.0408340855860843E-16  49.25869724995343
0.001038961038961045      6.938893903907228E-18    -1.0408340855860843E-16  48.710729046505946
0.0010649350649350698     6.938893903907228E-18    -1.0408340855860843E-16  48.23488795440815
0.001090909090909098      6.938893903907228E-18    -1.0408340855860843E-16  47.75999324813765
0.0011168831168831238     6.938893903907228E-18    -1.0408340855860843E-16  47.2405886737007
0.0011428571428571494     6.938893903907228E-18    -1.0408340855860843E-16  46.670392496175566
0.0011688311688311777     6.938893903907228E-18    -1.0408340855860843E-16  46.21170531822089
0.0011948051948052025     6.938893903907228E-18    -1.0408340855860843E-16  45.75301814026618
0.0012207792207792273     6.938893903907228E-18    -1.0408340855860843E-16  45.29433096231158
0.0012467532467532556     6.938893903907228E-18    -1.0408340855860843E-16  44.835643784357046
0.0012727272727272813     6.938893903907228E-18    -1.0408340855860843E-16  44.376956606402224
0.001298701298701307      6.938893903907228E-18    -1.0408340855860843E-16  43.918269428447736
0.0013246753246753352     6.938893903907228E-18    -1.0408340855860843E-16  43.459582250493
0.00135064935064936       6.938893903907228E-18    -1.0408340855860843E-16  43.00089507253843
0.0013766233766233848     6.938893903907228E-18    -1.0408340855860843E-16  42.542207894583825
0.0014025974025974105     6.938893903907228E-18    -1.0408340855860843E-16  42.08352071662921
0.0014285714285714388     6.938893903907228E-18    -1.0408340855860843E-16  41.62483353867461
0.0014545454545454644     6.938893903907228E-18    -1.0408340855860843E-16  41.16614636071978
0.0014805194805194892     6.938893903907228E-18    -1.0408340855860843E-16  40.70745918276509
0.0015064935064935175     6.938893903907228E-18    -1.0408340855860843E-16  40.33816962296078
0.0015324675324675423     6.938893903907228E-18    -1.0408340855860843E-16  39.90618803738264
0.001558441558441568      6.938893903907228E-18    -1.0408340855860843E-16  39.510432387219325
0.0015844155844155963     6.938893903907228E-18    -1.0408340855860843E-16  39.114676737055916
0.001610389610389622      6.938893903907228E-18    -1.0408340855860843E-16  38.71892108689264
0.0016363636363636467     6.938893903907228E-18    -1.0408340855860843E-16  38.32316543672938
0.001662337662337675      6.938893903907228E-18    -1.0408340855860843E-16  37.92740978656603
0.0016883116883116998     6.938893903907228E-18    -1.0408340855860843E-16  37.531654136402814
0.0017142857142857255     6.938893903907228E-18    -1.0408340855860843E-16  37.13589848623949
0.0017402597402597511     6.938893903907228E-18    -1.0408340855860843E-16  36.7401428360761
0.0017662337662337794     6.938893903907228E-18    -1.0408340855860843E-16  36.33545499570772
0.0017922077922078042     6.938893903907228E-18    -1.0408340855860843E-16  35.93753684638172
0.001818181818181829      6.938893903907228E-18    -1.0408340855860843E-16  35.53961869705567
0.0018441558441558573     6.938893903907228E-18    -1.0408340855860843E-16  35.141700547729435
0.001870129870129883      6.938893903907228E-18    -1.0408340855860843E-16  34.740965809851936
0.0018961038961039086     6.938893903907228E-18    -1.0408340855860843E-16  34.40477819409943
0.001922077922077937      6.938893903907228E-18    -1.0408340855860843E-16  34.06859057834684
0.0019480519480519617     6.938893903907228E-18    -1.0408340855860843E-16  33.73240296259425
0.0019740259740259865     6.938893903907228E-18    -1.0408340855860843E-16  33.39621534684172
0.002000000000000012      6.938893903907228E-18    -1.0408340855860843E-16  33.060027731089086
0.0020259740259740405     6.938893903907228E-18    -1.0408340855860843E-16  32.72384011533651
0.002051948051948066      6.938893903907228E-18    -1.0408340855860843E-16  32.38765249958396
0.002077922077922091      6.938893903907228E-18    -1.0408340855860843E-16  32.051464883831414
0.002103896103896119      6.938893903907228E-18    -1.0408340855860843E-16  31.715277268078765
0.002129870129870144      6.938893903907228E-18    -1.0408340855860843E-16  31.379089652326194
0.0021558441558441697     6.938893903907228E-18    -1.0408340855860843E-16  31.042902036573643
0.002181818181818198      6.938893903907228E-18    -1.0408340855860843E-16  30.706714420821143
0.0022077922077922236     6.938893903907228E-18    -1.0408340855860843E-16  30.370526805068536
0.0022337662337662484     6.938893903907228E-18    -1.0408340855860843E-16  30.02460866805713
0.0022597402597402767     6.938893903907228E-18    -1.0408340855860843E-16  29.74617593005025
0.0022857142857143015     6.938893903907228E-18    -1.0408340855860843E-16  29.376199413957657
0.002311688311688327      6.938893903907228E-18    -1.0408340855860843E-16  29.087440898845443
0.002337662337662353      6.938893903907228E-18    -1.0408340855860843E-16  28.792442323309075
0.002363636363636381      6.938893903907228E-18    -1.0408340855860843E-16  28.468461371061892
0.002389610389610406      6.938893903907228E-18    -1.0408340855860843E-16  28.177095200192355
0.0024155844155844307     6.938893903907228E-18    -1.0408340855860843E-16  27.885729029322903
0.002441558441558459      6.938893903907228E-18    -1.0408340855860843E-16  27.594362858453394
0.0024675324675324847     6.938893903907228E-18    -1.0408340855860843E-16  27.30299668758397
0.0024935064935065103     6.938893903907228E-18    -1.0408340855860843E-16  27.011630516714433
0.0025194805194805386     6.938893903907228E-18    -1.0408340855860843E-16  26.72026434584491
0.0025454545454545634     6.938893903907228E-18    -1.0408340855860843E-16  26.42889817497546
0.002571428571428588      6.938893903907228E-18    -1.0408340855860843E-16  26.137532004106
0.002597402597402614      6.938893903907228E-18    -1.0408340855860843E-16  25.846165833236498
0.002623376623376642      6.938893903907228E-18    -1.0408340855860843E-16  25.554799662366975
0.002649350649350667      6.938893903907228E-18    -1.0408340855860843E-16  25.263433491497544
0.0026753246753246926     6.938893903907228E-18    -1.0408340855860843E-16  24.972067320628042
0.00270129870129872       6.938893903907228E-18    -1.0408340855860843E-16  24.680701149758534
0.0027272727272727457     6.938893903907228E-18    -1.0408340855860843E-16  24.488874753651558
0.0027532467532467722     6.938893903907228E-18    -1.0408340855860843E-16  24.219206935513895
0.0027792207792207996     6.938893903907228E-18    -1.0408340855860843E-16  23.949539117376204
0.0028051948051948253     6.938893903907228E-18    -1.0408340855860843E-16  23.66823831889178
0.0028311688311688493     6.938893903907228E-18    -1.0408340855860843E-16  23.41491788408812
0.0028571428571428784     6.938893903907228E-18    -1.0408340855860843E-16  23.16159744928423
0.002883116883116904      6.938893903907228E-18    -1.0408340855860843E-16  22.908277014480554
0.002909090909090929      6.938893903907228E-18    -1.0408340855860843E-16  22.64433347501458
0.0029350649350649545     6.938893903907228E-18    -1.0408340855860843E-16  22.399950967074503
0.002961038961038982      6.938893903907228E-18    -1.0408340855860843E-16  22.155568459134514
0.0029870129870130076     6.938893903907228E-18    -1.0408340855860843E-16  21.89515080752295
0.0030129870129870333     6.938893903907228E-18    -1.0408340855860843E-16  21.649276979248523
0.0030389610389610607     6.938893903907228E-18    -1.0408340855860843E-16  21.40340315097406
0.0030649350649350872     6.938893903907228E-18    -1.0408340855860843E-16  21.15752932269961
0.003090909090909111      6.938893903907228E-18    -1.0408340855860843E-16  20.911655494425194
0.0031168831168831403     6.938893903907228E-18    -1.0408340855860843E-16  20.66578166615067
0.0031428571428571642     6.938893903907228E-18    -1.0408340855860843E-16  20.419907837876305
0.00316883116883119       6.938893903907228E-18    -1.0408340855860843E-16  20.174034009601897
0.0031948051948052164     6.938893903907228E-18    -1.0408340855860843E-16  19.951317198108278
0.003220779220779244      6.938893903907228E-18    -1.0408340855860843E-16  19.72456016330441
0.0032467532467532695     6.938893903907228E-18    -1.0408340855860843E-16  19.49780312850053
0.0032727272727272935     6.938893903907228E-18    -1.0408340855860843E-16  19.271046093696626
0.0032987012987013226     6.938893903907228E-18    -1.0408340855860843E-16  19.037498398042985
0.0033246753246753483     6.938893903907228E-18    -1.0408340855860843E-16  18.81564755652701
0.003350649350649373      6.938893903907228E-18    -1.0408340855860843E-16  18.593796715011145
0.003376623376623402      6.938893903907228E-18    -1.0408340855860843E-16  18.371945873495115
0.003402597402597426      6.938893903907228E-18    -1.0408340855860843E-16  18.150095031979177
0.003428571428571452      6.938893903907228E-18    -1.0408340855860843E-16  17.928728005146873
0.0034545454545454792     6.938893903907228E-18    -1.0408340855860843E-16  17.706548646076968
0.003480519480519505      6.938893903907228E-18    -1.0408340855860843E-16  17.484369287006995
0.0035064935064935314     6.938893903907228E-18    -1.0408340855860843E-16  17.262189927937072
0.0035324675324675554     6.938893903907228E-18    -1.0408340855860843E-16  17.04001056886722
0.0035584415584415845     6.938893903907228E-18    -1.0408340855860843E-16  16.817831209797255
0.0035844155844156084     6.938893903907228E-18    -1.0408340855860843E-16  16.60988724833887
0.003610389610389634      6.938893903907228E-18    -1.0408340855860843E-16  16.406669380218823
0.0036363636363636632     6.938893903907228E-18    -1.0408340855860843E-16  16.203451512098738
0.003662337662337688      6.938893903907228E-18    -1.0408340855860843E-16  16.000233643978724
0.0036883116883117137     6.938893903907228E-18    -1.0408340855860843E-16  15.79701577585871
0.003714285714285741      6.938893903907228E-18    -1.0408340855860843E-16  15.593797907738626
0.003740259740259767      6.938893903907228E-18    -1.0408340855860843E-16  15.390580039618598
0.0037662337662337925     6.938893903907228E-18    -1.0408340855860843E-16  15.192245650049799
0.0037922077922078173     6.938893903907228E-18    -1.0408340855860843E-16  14.989839987238334
0.0038181818181818464     6.938893903907228E-18    -1.0408340855860843E-16  14.787434324426801
0.0038441558441558703     6.938893903907228E-18    -1.0408340855860843E-16  14.57897313932449
0.003870129870129896      6.938893903907228E-18    -1.0408340855860843E-16  14.38594850732835
0.0038961038961039234     6.938893903907228E-18    -1.0408340855860843E-16  14.192923875332177
0.003922077922077949      6.938893903907228E-18    -1.0408340855860843E-16  14.003159593087954
0.003948051948051976      6.938893903907228E-18    -1.0408340855860843E-16  13.813016039485749
0.003974025974026003      6.938893903907228E-18    -1.0408340855860843E-16  13.622872485883565
0.004000000000000029      6.938893903907228E-18    -1.0408340855860843E-16  13.432728932281353
0.004025974025974053      6.938893903907228E-18    -1.0408340855860843E-16  13.242585378679205
0.004051948051948082      6.938893903907228E-18    -1.0408340855860843E-16  13.050449096740266
0.0040779220779221075     6.938893903907228E-18    -1.0408340855860843E-16  12.858749333944004
0.004103896103896132      6.938893903907228E-18    -1.0408340855860843E-16  12.66704957114781
0.004129870129870158      6.938893903907228E-18    -1.0408340855860843E-16  12.475349808351595
0.004155844155844185      6.938893903907228E-18    -1.0408340855860843E-16  12.290210961567853
0.004181818181818211      6.938893903907228E-18    -1.0408340855860843E-16  12.120247032497552
0.004207792207792237      6.938893903907228E-18    -1.0408340855860843E-16  11.950283103427235
0.004233766233766264      6.938893903907228E-18    -1.0408340855860843E-16  11.781134851543577
0.004259740259740291      6.938893903907228E-18    -1.0408340855860843E-16  11.607893327301518
0.0042857142857143146     6.938893903907228E-18    -1.0408340855860843E-16  11.434651803059428
0.004311688311688344      6.938893903907228E-18    -1.0408340855860843E-16  11.261410278817301
0.004337662337662368      6.938893903907228E-18    -1.0408340855860843E-16  11.088168754575234
0.004363636363636393      6.938893903907228E-18    -1.0408340855860843E-16  10.91492723033318
0.00438961038961042       6.938893903907228E-18    -1.0408340855860843E-16  10.741685706091058
0.004415584415584447      6.938893903907228E-18    -1.0408340855860843E-16  10.568444181848943
0.004441558441558473      6.938893903907228E-18    -1.0408340855860843E-16  10.395202657606902
0.004467532467532497      6.938893903907228E-18    -1.0408340855860843E-16  10.244499138448838
0.004493506493506526      6.938893903907228E-18    -1.0408340855860843E-16  10.073663258357776
0.004519480519480552      6.938893903907228E-18    -1.0408340855860843E-16  9.895697208833635
0.0045454545454545765     6.938893903907228E-18    -1.0408340855860843E-16  9.7463655719867
0.004571428571428606      6.938893903907228E-18    -1.0408340855860843E-16  9.597033935139729
0.0045974025974026295     6.938893903907228E-18    -1.0408340855860843E-16  9.447702298292787
0.004623376623376655      6.938893903907228E-18    -1.0408340855860843E-16  9.29837066144583
0.004649350649350683      6.938893903907228E-18    -1.0408340855860843E-16  9.149039024598878
0.004675324675324708      6.938893903907228E-18    -1.0408340855860843E-16  8.999707387751918
0.004701298701298735      6.938893903907228E-18    -1.0408340855860843E-16  8.858803619674745
0.004727272727272759      6.938893903907228E-18    -1.0408340855860843E-16  8.70767115103492
0.004753246753246788      6.938893903907228E-18    -1.0408340855860843E-16  8.556538682395065
0.004779220779220812      6.938893903907228E-18    -1.0408340855860843E-16  8.397042061840551
0.0048051948051948375     6.938893903907228E-18    -1.0408340855860843E-16  8.244109163493818
0.004831168831168867      6.938893903907228E-18    -1.0408340855860843E-16  8.0947451953337
0.0048571428571428914     6.938893903907228E-18    -1.0408340855860843E-16  7.965385786977677
0.004883116883116917      6.938893903907228E-18    -1.0408340855860843E-16  7.845857566386492
0.0049090909090909445     6.938893903907228E-18    -1.0408340855860843E-16  7.714015818499263
0.00493506493506497       6.938893903907228E-18    -1.0408340855860843E-16  7.5821740706120195
0.004961038961038996      6.938893903907228E-18    -1.0408340855860843E-16  7.450332322724812
0.004987012987013023      6.938893903907228E-18    -1.0408340855860843E-16  7.318490574837571
0.00501298701298705       6.938893903907228E-18    -1.0408340855860843E-16  7.174124053538388
0.005038961038961074      6.938893903907228E-18    -1.0408340855860843E-16  7.046864200913021
0.005064935064935099      6.938893903907228E-18    -1.0408340855860843E-16  6.919604348287669
0.005090909090909127      6.938893903907228E-18    -1.0408340855860843E-16  6.792344495662267
0.0051168831168831525     6.938893903907228E-18    -1.0408340855860843E-16  6.665084643036867
0.005142857142857179      6.938893903907228E-18    -1.0408340855860843E-16  6.5465025899064875
0.005168831168831206      6.938893903907228E-18    -1.0408340855860843E-16  6.434912663090412
0.005194805194805232      6.938893903907228E-18    -1.0408340855860843E-16  6.323322736274337
0.005220779220779256      6.938893903907228E-18    -1.0408340855860843E-16  6.211732809458292
0.005246753246753285      6.938893903907228E-18    -1.0408340855860843E-16  6.100142882642205
0.005272727272727311      6.938893903907228E-18    -1.0408340855860843E-16  5.988552955826151
0.005298701298701336      6.938893903907228E-18    -1.0408340855860843E-16  5.876963029010091
0.005324675324675361      6.938893903907228E-18    -1.0408340855860843E-16  5.759711804844466
0.005350649350649389      6.938893903907228E-18    -1.0408340855860843E-16  5.645632147387987
0.005376623376623414      6.938893903907228E-18    -1.0408340855860843E-16  5.531552489931552
0.00540259740259744       6.938893903907228E-18    -1.0408340855860843E-16  5.46058474545821
0.005428571428571468      6.938893903907228E-18    -1.0408340855860843E-16  5.352870687881117
0.005454545454545493      6.938893903907228E-18    -1.0408340855860843E-16  5.253943943882602
0.005480519480519518      6.938893903907228E-18    -1.0408340855860843E-16  5.155017199884067
0.005506493506493547      6.938893903907228E-18    -1.0408340855860843E-16  5.048158416284467
0.005532467532467571      6.938893903907228E-18    -1.0408340855860843E-16  4.95580997164169
0.0055584415584415976     6.938893903907228E-18    -1.0408340855860843E-16  4.863461526998918
0.005584415584415624      6.938893903907228E-18    -1.0408340855860843E-16  4.767796186271595
0.005610389610389651      6.938893903907228E-18    -1.0408340855860843E-16  4.674042841011884
0.005636363636363676      6.938893903907228E-18    -1.0408340855860843E-16  4.580289495752168
0.0056623376623377        6.938893903907228E-18    -1.0408340855860843E-16  4.48653615049246
0.005688311688311729      6.938893903907228E-18    -1.0408340855860843E-16  4.39278280523273
0.005714285714285755      6.938893903907228E-18    -1.0408340855860843E-16  4.322432209038489
0.00574025974025978       6.938893903907228E-18    -1.0408340855860843E-16  4.247385828872618
0.005766233766233808      6.938893903907228E-18    -1.0408340855860843E-16  4.172339448706765
0.005792207792207833      6.938893903907228E-18    -1.0408340855860843E-16  4.097293068540914
0.005818181818181859      6.938893903907228E-18    -1.0408340855860843E-16  4.022246688375052
0.005844155844155886      6.938893903907228E-18    -1.0408340855860843E-16  3.9505033009426906
0.0058701298701299125     6.938893903907228E-18    -1.0408340855860843E-16  3.873880928793695
0.005896103896103937      6.938893903907228E-18    -1.0408340855860843E-16  3.796384296859369
0.005922077922077962      6.938893903907228E-18    -1.0408340855860843E-16  3.7205459084636345
0.005948051948051991      6.938893903907228E-18    -1.0408340855860843E-16  3.644707520067879
0.005974025974026015      6.938893903907228E-18    -1.0408340855860843E-16  3.5560541733698603
0.006000000000000042      6.938893903907228E-18    -1.0408340855860843E-16  3.495148304503454
0.006025974025974068      6.938893903907228E-18    -1.0408340855860843E-16  3.433988949842945
0.006051948051948095      6.938893903907228E-18    -1.0408340855860843E-16  3.373283302573121
0.0060779220779221205     6.938893903907228E-18    -1.0408340855860843E-16  3.312577655303297
0.006103896103896148      6.938893903907228E-18    -1.0408340855860843E-16  3.2518720080334713
0.006129870129870174      6.938893903907228E-18    -1.0408340855860843E-16  3.1885180050563697
0.006155844155844199      6.938893903907228E-18    -1.0408340855860843E-16  3.126686848196714
0.0061818181818182275     6.938893903907228E-18    -1.0408340855860843E-16  3.0648556913370566
0.006207792207792252      6.938893903907228E-18    -1.0408340855860843E-16  3.003583893208872
0.006233766233766277      6.938893903907228E-18    -1.0408340855860843E-16  2.9435060370271566
0.006259740259740304      6.938893903907228E-18    -1.0408340855860843E-16  2.883428180845437
0.00628571428571433       6.938893903907228E-18    -1.0408340855860843E-16  2.8233503246637244
0.006311688311688357      6.938893903907228E-18    -1.0408340855860843E-16  2.7632724684820102
0.006337662337662382      6.938893903907228E-18    -1.0408340855860843E-16  2.7386506560709254
0.00636363636363641       6.938893903907228E-18    -1.0408340855860843E-16  2.6588680913514353
0.0063896103896104355     6.938893903907228E-18    -1.0408340855860843E-16  2.612499704739755
0.006415584415584459      6.938893903907228E-18    -1.0408340855860843E-16  2.5661313181280714
0.0064415584415584886     6.938893903907228E-18    -1.0408340855860843E-16  2.5197629315163708
0.0064675324675325125     6.938893903907228E-18    -1.0408340855860843E-16  2.4733945449046835
0.006493506493506539      6.938893903907228E-18    -1.0408340855860843E-16  2.4270261582929935
0.006519480519480565      6.938893903907228E-18    -1.0408340855860843E-16  2.380657771681301
0.006545454545454592      6.938893903907228E-18    -1.0408340855860843E-16  2.334289385069606
0.006571428571428619      6.938893903907228E-18    -1.0408340855860843E-16  2.2879209984579103
0.0065974025974026435     6.938893903907228E-18    -1.0408340855860843E-16  2.2415526118462257
0.006623376623376672      6.938893903907228E-18    -1.0408340855860843E-16  2.2124802304105926
0.006649350649350697      6.938893903907228E-18    -1.0408340855860843E-16  2.168584519322077
0.006675324675324721      6.938893903907228E-18    -1.0408340855860843E-16  2.1277844978537743
0.0067012987012987505     6.938893903907228E-18    -1.0408340855860843E-16  2.0869844763854726
0.006727272727272774      6.938893903907228E-18    -1.0408340855860843E-16  2.0461844549171744
0.006753246753246801      6.938893903907228E-18    -1.0408340855860843E-16  1.9961880927253277
0.0067792207792208275     6.938893903907228E-18    -1.0408340855860843E-16  1.961819125569334
0.006805194805194854      6.938893903907228E-18    -1.0408340855860843E-16  1.927450158413337
0.00683116883116888       6.938893903907228E-18    -1.0408340855860843E-16  1.8930811912573458
0.006857142857142904      6.938893903907228E-18    -1.0408340855860843E-16  1.8587122241013547
0.006883116883116933      6.938893903907228E-18    -1.0408340855860843E-16  1.8243432569453555
0.006909090909090957      6.938893903907228E-18    -1.0408340855860843E-16  1.7899742897893665
0.006935064935064983      6.938893903907228E-18    -1.0408340855860843E-16  1.755605322633368
0.0069610389610390115     6.938893903907228E-18    -1.0408340855860843E-16  1.7212363554773726
0.006987012987013036      6.938893903907228E-18    -1.0408340855860843E-16  1.6971008457547436
0.007012987012987063      6.938893903907228E-18    -1.0408340855860843E-16  1.6655584600806796
0.007038961038961089      6.938893903907228E-18    -1.0408340855860843E-16  1.634016074406611
0.007064935064935116      6.938893903907228E-18    -1.0408340855860843E-16  1.6024736887325486
0.007090909090909142      6.938893903907228E-18    -1.0408340855860843E-16  1.570931303058476
0.0071168831168831655     6.938893903907228E-18    -1.0408340855860843E-16  1.5384057396976245
0.007142857142857195      6.938893903907228E-18    -1.0408340855860843E-16  1.5064508973376154
0.007168831168831219      6.938893903907228E-18    -1.0408340855860843E-16  1.4817138209575733
0.007194805194805245      6.938893903907228E-18    -1.0408340855860843E-16  1.456976744577529
0.007220779220779272      6.938893903907228E-18    -1.0408340855860843E-16  1.4322396681974812
0.007246753246753298      6.938893903907228E-18    -1.0408340855860843E-16  1.4075025918174355
0.007272727272727324      6.938893903907228E-18    -1.0408340855860843E-16  1.3827655154373908
0.007298701298701351      6.938893903907228E-18    -1.0408340855860843E-16  1.358028439057343
0.007324675324675378      6.938893903907228E-18    -1.0408340855860843E-16  1.3332913626772966
0.007350649350649401      6.938893903907228E-18    -1.0408340855860843E-16  1.3085542862972535
0.007376623376623431      6.938893903907228E-18    -1.0408340855860843E-16  1.2885442668615656
0.007402597402597457      6.938893903907228E-18    -1.0408340855860843E-16  1.2635959001131334
0.0074285714285714805     6.938893903907228E-18    -1.0408340855860843E-16  1.2386475333647073
0.007454545454545507      6.938893903907228E-18    -1.0408340855860843E-16  1.21369916661628
0.007480519480519534      6.938893903907228E-18    -1.0408340855860843E-16  1.1946395087324908
0.00750649350649356       6.938893903907228E-18    -1.0408340855860843E-16  1.1754928363625343
0.007532467532467586      6.938893903907228E-18    -1.0408340855860843E-16  1.1563461639925858
0.007558441558441613      6.938893903907228E-18    -1.0408340855860843E-16  1.1367417454071056
0.007584415584415639      6.938893903907228E-18    -1.0408340855860843E-16  1.1124274142767474
0.007610389610389663      6.938893903907228E-18    -1.0408340855860843E-16  1.0940460480019718
0.007636363636363693      6.938893903907228E-18    -1.0408340855860843E-16  1.0756646817271989
0.007662337662337716      6.938893903907228E-18    -1.0408340855860843E-16  1.0572833154524313
0.007688311688311742      6.938893903907228E-18    -1.0408340855860843E-16  1.0389019491776579
0.007714285714285768      6.938893903907228E-18    -1.0408340855860843E-16  1.0205205829028845
0.0077402597402597955     6.938893903907228E-18    -1.0408340855860843E-16  1.0021392166281178
0.007766233766233822      6.938893903907228E-18    -1.0408340855860843E-16  0.9870895047779591
0.007792207792207845      6.938893903907228E-18    -1.0408340855860843E-16  0.9661144620940023
0.007818181818181875      6.938893903907228E-18    -1.0408340855860843E-16  0.9509030174604898
0.0078441558441559        6.938893903907228E-18    -1.0408340855860843E-16  0.935691572826981
0.007870129870129925      6.938893903907228E-18    -1.0408340855860843E-16  0.9204801281934731
0.007896103896103953      6.938893903907228E-18    -1.0408340855860843E-16  0.9052686835599641
0.007922077922077978      6.938893903907228E-18    -1.0408340855860843E-16  0.8900572389264578
0.007948051948052004      6.938893903907228E-18    -1.0408340855860843E-16  0.8748457942929466
0.007974025974026031      6.938893903907228E-18    -1.0408340855860843E-16  0.8599253492940004
0.008000000000000057      6.938893903907228E-18    -1.0408340855860843E-16  0.846560892267123
0.008025974025974082      6.938893903907228E-18    -1.0408340855860843E-16  0.8312023979118841
0.008051948051948107      6.938893903907228E-18    -1.0408340855860843E-16  0.8156199821794345
0.008077922077922137      6.938893903907228E-18    -1.0408340855860843E-16  0.8036965047967215
0.00810389610389616       6.938893903907228E-18    -1.0408340855860843E-16  0.7911959574453515
0.008129870129870187      6.938893903907228E-18    -1.0408340855860843E-16  0.7789554400318082
0.008155844155844215      6.938893903907228E-18    -1.0408340855860843E-16  0.7658964525412832
0.00818181818181824       6.938893903907228E-18    -1.0408340855860843E-16  0.7528374650507592
0.008207792207792266      6.938893903907228E-18    -1.0408340855860843E-16  0.7397784775602394
0.008233766233766293      6.938893903907228E-18    -1.0408340855860843E-16  0.7267194900697116
0.00825974025974032       6.938893903907228E-18    -1.0408340855860843E-16  0.7136605025791871
0.008285714285714344      6.938893903907228E-18    -1.0408340855860843E-16  0.7027373416122931
0.008311688311688372      6.938893903907228E-18    -1.0408340855860843E-16  0.692517251528086
0.008337662337662397      6.938893903907228E-18    -1.0408340855860843E-16  0.6822971614438829
0.008363636363636422      6.938893903907228E-18    -1.0408340855860843E-16  0.6720770713596809
0.008389610389610449      6.938893903907228E-18    -1.0408340855860843E-16  0.661856981275478
0.008415584415584475      6.938893903907228E-18    -1.0408340855860843E-16  0.6516368911912753
0.008441558441558502      6.938893903907228E-18    -1.0408340855860843E-16  0.6398554374176255
0.008467532467532526      6.938893903907228E-18    -1.0408340855860843E-16  0.6296325197466797
0.008493506493506555      6.938893903907228E-18    -1.0408340855860843E-16  0.6194096020757341
0.008519480519480581      6.938893903907228E-18    -1.0408340855860843E-16  0.6091866844047886
0.008545454545454604      6.938893903907228E-18    -1.0408340855860843E-16  0.5989637667338443
0.008571428571428634      6.938893903907228E-18    -1.0408340855860843E-16  0.590268747888274
0.008597402597402659      6.938893903907228E-18    -1.0408340855860843E-16  0.5816448327623518
0.008623376623376684      6.938893903907228E-18    -1.0408340855860843E-16  0.5730209176364308
0.00864935064935071       6.938893903907228E-18    -1.0408340855860843E-16  0.5643970025105077
0.008675324675324737      6.938893903907228E-18    -1.0408340855860843E-16  0.5563073646789087
0.008701298701298764      6.938893903907228E-18    -1.0408340855860843E-16  0.5478268711612135
0.008727272727272788      6.938893903907228E-18    -1.0408340855860843E-16  0.539346377643518
0.008753246753246817      6.938893903907228E-18    -1.0408340855860843E-16  0.5308658841258203
0.008779220779220841      6.938893903907228E-18    -1.0408340855860843E-16  0.5215533695754099
0.008805194805194866      6.938893903907228E-18    -1.0408340855860843E-16  0.5138207697087628
0.008831168831168896      6.938893903907228E-18    -1.0408340855860843E-16  0.5060881698421158
0.00885714285714292       6.938893903907228E-18    -1.0408340855860843E-16  0.4983559185511708
0.008883116883116946      6.938893903907228E-18    -1.0408340855860843E-16  0.491535339163486
0.008909090909090974      6.938893903907228E-18    -1.0408340855860843E-16  0.48471475977579964
0.008935064935064999      6.938893903907228E-18    -1.0408340855860843E-16  0.4778941803881156
0.008961038961039025      6.938893903907228E-18    -1.0408340855860843E-16  0.47107360100043016
0.008987012987013049      6.938893903907228E-18    -1.0408340855860843E-16  0.4642530216127455
0.009012987012987079      6.938893903907228E-18    -1.0408340855860843E-16  0.4574324422250591
0.009038961038961103      6.938893903907228E-18    -1.0408340855860843E-16  0.45061186283737453
0.009064935064935128      6.938893903907228E-18    -1.0408340855860843E-16  0.44331531698710314
0.009090909090909156      6.938893903907228E-18    -1.0408340855860843E-16  0.43627374365823
0.009116883116883181      6.938893903907228E-18    -1.0408340855860843E-16  0.4299882707255924
0.009142857142857208      6.938893903907228E-18    -1.0408340855860843E-16  0.42460768203730553
0.009168831168831234      6.938893903907228E-18    -1.0408340855860843E-16  0.41859754163495677
0.00919480519480526       6.938893903907228E-18    -1.0408340855860843E-16  0.4130843383722872
0.009220779220779286      6.938893903907228E-18    -1.0408340855860843E-16  0.4075711351096164
0.00924675324675331       6.938893903907228E-18    -1.0408340855860843E-16  0.4020579318469463
0.00927272727272734       6.938893903907228E-18    -1.0408340855860843E-16  0.39654472858427403
0.009298701298701363      6.938893903907228E-18    -1.0408340855860843E-16  0.39103152532160396
0.00932467532467539       6.938893903907228E-18    -1.0408340855860843E-16  0.3855183220589339
0.009350649350649418      6.938893903907228E-18    -1.0408340855860843E-16  0.38000511879626186
0.009376623376623443      6.938893903907228E-18    -1.0408340855860843E-16  0.374433816259934
0.00940259740259747       6.938893903907228E-18    -1.0408340855860843E-16  0.3691355618983747
0.009428571428571496      6.938893903907228E-18    -1.0408340855860843E-16  0.36383730753681665
0.009454545454545523      6.938893903907228E-18    -1.0408340855860843E-16  0.358539053175259
0.009480519480519548      6.938893903907228E-18    -1.0408340855860843E-16  0.3533033393430769
0.009506493506493576      6.938893903907228E-18    -1.0408340855860843E-16  0.34916274798486435
0.0095324675324676        6.938893903907228E-18    -1.0408340855860843E-16  0.3450221566266529
0.009558441558441625      6.938893903907228E-18    -1.0408340855860843E-16  0.340881565268443
0.009584415584415652      6.938893903907228E-18    -1.0408340855860843E-16  0.33604210995219264
0.009610389610389678      6.938893903907228E-18    -1.0408340855860843E-16  0.3319869143325511
0.009636363636363705      6.938893903907228E-18    -1.0408340855860843E-16  0.32793171871290916
0.009662337662337732      6.938893903907228E-18    -1.0408340855860843E-16  0.3237395077896767
0.009688311688311758      6.938893903907228E-18    -1.0408340855860843E-16  0.3194042368552187
0.009714285714285785      6.938893903907228E-18    -1.0408340855860843E-16  0.3150689659207612
0.009740259740259808      6.938893903907228E-18    -1.0408340855860843E-16  0.3107336949863039
0.009766233766233838      6.938893903907228E-18    -1.0408340855860843E-16  0.306398424051845
0.009792207792207862      6.938893903907228E-18    -1.0408340855860843E-16  0.30206315311738685
0.009818181818181887      6.938893903907228E-18    -1.0408340855860843E-16  0.29772788218292967
0.009844155844155914      6.938893903907228E-18    -1.0408340855860843E-16  0.29496858694599337
0.00987012987012994       6.938893903907228E-18    -1.0408340855860843E-16  0.2914548171462247
0.009896103896103967      6.938893903907228E-18    -1.0408340855860843E-16  0.28794104734645437
0.009922077922077992      6.938893903907228E-18    -1.0408340855860843E-16  0.2844272775466855
0.00994805194805202       6.938893903907228E-18    -1.0408340855860843E-16  0.2809135077469162
0.009974025974026047      6.938893903907228E-18    -1.0408340855860843E-16  0.2769496943331464
0.01000000000000007       6.938893903907228E-18    -1.0408340855860843E-16  0.2738511882557966
0.0100259740259741        6.938893903907228E-18    -1.0408340855860843E-16  0.270752682178445
0.010051948051948123      6.938893903907228E-18    -1.0408340855860843E-16  0.2676541761010947
0.01007792207792215       6.938893903907228E-18    -1.0408340855860843E-16  0.2645556700237437
0.010103896103896177      6.938893903907228E-18    -1.0408340855860843E-16  0.2614571639463929
0.010129870129870202      6.938893903907228E-18    -1.0408340855860843E-16  0.2583586578690428
0.010155844155844229      6.938893903907228E-18    -1.0408340855860843E-16  0.25526015179169104
0.010181818181818252      6.938893903907228E-18    -1.0408340855860843E-16  0.2521616457143402
0.010207792207792282      6.938893903907228E-18    -1.0408340855860843E-16  0.24942760935864605
0.010233766233766307      6.938893903907228E-18    -1.0408340855860843E-16  0.24642634904189875
0.010259740259740332      6.938893903907228E-18    -1.0408340855860843E-16  0.24391781774463958
0.01028571428571436       6.938893903907228E-18    -1.0408340855860843E-16  0.2411140440682048
0.010311688311688385      6.938893903907228E-18    -1.0408340855860843E-16  0.23831027039177
0.010337662337662411      6.938893903907228E-18    -1.0408340855860843E-16  0.23550649671533433
0.010363636363636438      6.938893903907228E-18    -1.0408340855860843E-16  0.23275992980309365
0.010389610389610464      6.938893903907228E-18    -1.0408340855860843E-16  0.23030516188129446
0.01041558441558449       6.938893903907228E-18    -1.0408340855860843E-16  0.22785039395949425
0.010441558441558514      6.938893903907228E-18    -1.0408340855860843E-16  0.22487945730083725
0.010467532467532544      6.938893903907228E-18    -1.0408340855860843E-16  0.22269394866240727
0.010493506493506567      6.938893903907228E-18    -1.0408340855860843E-16  0.22050844002397824
0.010519480519480593      6.938893903907228E-18    -1.0408340855860843E-16  0.21832293138554898
0.010545454545454622      6.938893903907228E-18    -1.0408340855860843E-16  0.21613742274711933
0.010571428571428646      6.938893903907228E-18    -1.0408340855860843E-16  0.21395191410869024
0.010597402597402673      6.938893903907228E-18    -1.0408340855860843E-16  0.2117664054702607
0.0106233766233767        6.938893903907228E-18    -1.0408340855860843E-16  0.20958089683183184
0.010649350649350726      6.938893903907228E-18    -1.0408340855860843E-16  0.20739538819340175
0.010675324675324751      6.938893903907228E-18    -1.0408340855860843E-16  0.2052098795549726
0.01070129870129878       6.938893903907228E-18    -1.0408340855860843E-16  0.2027380246035546
0.010727272727272806      6.938893903907228E-18    -1.0408340855860843E-16  0.20044683390471152
0.010753246753246829      6.938893903907228E-18    -1.0408340855860843E-16  0.19815564320586943
0.010779220779220855      6.938893903907228E-18    -1.0408340855860843E-16  0.19713134071444904
0.010805194805194882      6.938893903907228E-18    -1.0408340855860843E-16  0.1953371368265412
0.010831168831168908      6.938893903907228E-18    -1.0408340855860843E-16  0.1935429329386335
0.010857142857142935      6.938893903907228E-18    -1.0408340855860843E-16  0.19165959261499638
0.010883116883116961      6.938893903907228E-18    -1.0408340855860843E-16  0.18980999693283107
0.010909090909090988      6.938893903907228E-18    -1.0408340855860843E-16  0.18796040125066582
0.010935064935065011      6.938893903907228E-18    -1.0408340855860843E-16  0.18574049208580737
0.010961038961039041      6.938893903907228E-18    -1.0408340855860843E-16  0.18424519777495296
0.010987012987013066      6.938893903907228E-18    -1.0408340855860843E-16  0.18274990346409833
0.01101298701298709       6.938893903907228E-18    -1.0408340855860843E-16  0.18134437355646266
0.011038961038961117      6.938893903907228E-18    -1.0408340855860843E-16  0.17979029937384294
0.011064935064935144      6.938893903907228E-18    -1.0408340855860843E-16  0.17823622519122329
0.01109090909090917       6.938893903907228E-18    -1.0408340855860843E-16  0.17668215100860368
0.011116883116883195      6.938893903907228E-18    -1.0408340855860843E-16  0.17512807682598414
0.011142857142857223      6.938893903907228E-18    -1.0408340855860843E-16  0.17357400264336417
0.01116883116883125       6.938893903907228E-18    -1.0408340855860843E-16  0.17201992846074446
0.011194805194805273      6.938893903907228E-18    -1.0408340855860843E-16  0.17046585427812522
0.011220779220779303      6.938893903907228E-18    -1.0408340855860843E-16  0.1689117800955052
0.011246753246753326      6.938893903907228E-18    -1.0408340855860843E-16  0.1673577059128854
0.011272727272727353      6.938893903907228E-18    -1.0408340855860843E-16  0.16561921098304327
0.011298701298701381      6.938893903907228E-18    -1.0408340855860843E-16  0.1650731825493184
0.011324675324675406      6.938893903907228E-18    -1.0408340855860843E-16  0.16387327029901694
0.011350649350649432      6.938893903907228E-18    -1.0408340855860843E-16  0.16267335804871583
0.011376623376623455      6.938893903907228E-18    -1.0408340855860843E-16  0.16147344579841513
0.011402597402597485      6.938893903907228E-18    -1.0408340855860843E-16  0.1602735335481142
0.01142857142857151       6.938893903907228E-18    -1.0408340855860843E-16  0.15889485525254854
0.011454545454545535      6.938893903907228E-18    -1.0408340855860843E-16  0.15777353222461885
0.011480519480519565      6.938893903907228E-18    -1.0408340855860843E-16  0.156652209196689
0.011506493506493588      6.938893903907228E-18    -1.0408340855860843E-16  0.1555308861687597
0.011532467532467615      6.938893903907228E-18    -1.0408340855860843E-16  0.15440956314083026
0.011558441558441641      6.938893903907228E-18    -1.0408340855860843E-16  0.15357082018529888
0.011584415584415668      6.938893903907228E-18    -1.0408340855860843E-16  0.15253357375276766
0.011610389610389694      6.938893903907228E-18    -1.0408340855860843E-16  0.15149632732023685
0.01163636363636372       6.938893903907228E-18    -1.0408340855860843E-16  0.1504590808877054
0.011662337662337747      6.938893903907228E-18    -1.0408340855860843E-16  0.14939520682154023
0.01168831168831177       6.938893903907228E-18    -1.0408340855860843E-16  0.14835336701689622
0.011714285714285797      6.938893903907228E-18    -1.0408340855860843E-16  0.1473115272122526
0.011740259740259825      6.938893903907228E-18    -1.0408340855860843E-16  0.14644792077547691
0.01176623376623385       6.938893903907228E-18    -1.0408340855860843E-16  0.14569152675648778
0.011792207792207876      6.938893903907228E-18    -1.0408340855860843E-16  0.1449351327374977
0.011818181818181903      6.938893903907228E-18    -1.0408340855860843E-16  0.14417873871850814
0.01184415584415593       6.938893903907228E-18    -1.0408340855860843E-16  0.14342234469951837
0.011870129870129954      6.938893903907228E-18    -1.0408340855860843E-16  0.1426659506805289
0.011896103896103983      6.938893903907228E-18    -1.0408340855860843E-16  0.14189687125815967
0.011922077922078009      6.938893903907228E-18    -1.0408340855860843E-16  0.14114985411096082
0.011948051948052032      6.938893903907228E-18    -1.0408340855860843E-16  0.14027839589884072
0.011974025974026059      6.938893903907228E-18    -1.0408340855860843E-16  0.13953302206939291
0.012000000000000085      6.938893903907228E-18    -1.0408340855860843E-16  0.138787648239945
0.012025974025974112      6.938893903907228E-18    -1.0408340855860843E-16  0.13804227441049707
0.012051948051948138      6.938893903907228E-18    -1.0408340855860843E-16  0.1372969005810493
0.012077922077922165      6.938893903907228E-18    -1.0408340855860843E-16  0.13657973712538884
0.012103896103896191      6.938893903907228E-18    -1.0408340855860843E-16  0.13608855527776323
0.012129870129870214      6.938893903907228E-18    -1.0408340855860843E-16  0.13559737343013767
0.012155844155844244      6.938893903907228E-18    -1.0408340855860843E-16  0.13510619158251216
0.01218181818181827       6.938893903907228E-18    -1.0408340855860843E-16  0.13461500973488685
0.012207792207792294      6.938893903907228E-18    -1.0408340855860843E-16  0.13412382788726118
0.012233766233766324      6.938893903907228E-18    -1.0408340855860843E-16  0.13363264603963584
0.012259740259740347      6.938893903907228E-18    -1.0408340855860843E-16  0.13314146419201042
0.012285714285714374      6.938893903907228E-18    -1.0408340855860843E-16  0.13262156397648112
0.012311688311688399      6.938893903907228E-18    -1.0408340855860843E-16  0.13206434998844288
0.012337662337662427      6.938893903907228E-18    -1.0408340855860843E-16  0.131783812105444
0.012363636363636453      6.938893903907228E-18    -1.0408340855860843E-16  0.1314041042161209
0.012389610389610476      6.938893903907228E-18    -1.0408340855860843E-16  0.13085287660918218
0.012415584415584506      6.938893903907228E-18    -1.0408340855860843E-16  0.13052468485072666
0.01244155844155853       6.938893903907228E-18    -1.0408340855860843E-16  0.13019649309227124
0.012467532467532556      6.938893903907228E-18    -1.0408340855860843E-16  0.12978045003019842
0.012493506493506583      6.938893903907228E-18    -1.0408340855860843E-16  0.12942484499483248
0.012519480519480609      6.938893903907228E-18    -1.0408340855860843E-16  0.1290692399594665
0.012545454545454636      6.938893903907228E-18    -1.0408340855860843E-16  0.1287136349241006
0.012571428571428659      6.938893903907228E-18    -1.0408340855860843E-16  0.12835802988873463
0.012597402597402689      6.938893903907228E-18    -1.0408340855860843E-16  0.12800242485336852
0.012623376623376713      6.938893903907228E-18    -1.0408340855860843E-16  0.12764681981800258
0.012649350649350738      6.938893903907228E-18    -1.0408340855860843E-16  0.12746477997158187
0.012675324675324768      6.938893903907228E-18    -1.0408340855860843E-16  0.12735284066736413
0.012701298701298791      6.938893903907228E-18    -1.0408340855860843E-16  0.12724090136314636
0.012727272727272818      6.938893903907228E-18    -1.0408340855860843E-16  0.12712896205892865
0.012753246753246844      6.938893903907228E-18    -1.0408340855860843E-16  0.127017022754711
0.012779220779220871      6.938893903907228E-18    -1.0408340855860843E-16  0.12687721328380286
0.012805194805194898      6.938893903907228E-18    -1.0408340855860843E-16  0.12676472515475457
0.012831168831168924      6.938893903907228E-18    -1.0408340855860843E-16  0.12665223702570694
0.01285714285714295       6.938893903907228E-18    -1.0408340855860843E-16  0.12653974889665923
0.012883116883116974      6.938893903907228E-18    -1.0408340855860843E-16  0.12642726076760769
0.012909090909091         6.938893903907228E-18    -1.0408340855860843E-16  0.12631477263856167
0.012935064935065027      6.938893903907228E-18    -1.0408340855860843E-16  0.12620293528005144
0.012961038961039053      6.938893903907228E-18    -1.0408340855860843E-16  0.12606790396563122
0.01298701298701308       6.938893903907228E-18    -1.0408340855860843E-16  0.12593287265121078
