% Model:              new_trap_efield_far.mph
% Version:            COMSOL 5.0.0.243
% Date:               Dec 2 2019, 13:48
% Dimension:          3
% Nodes:              1001
% Expressions:        1
% Description:        Electric field, y component
% Length unit:        m
% x                       y                        z                        es.Ey (V/m)
-8.673617379884035E-19    -0.01298701298701306     -1.0408340855860843E-16  2.1223808253407697
-8.673617379884035E-19    -0.012961038961039034    -1.0408340855860843E-16  2.124853925449088
-8.673617379884035E-19    -0.01293506493506501     -1.0408340855860843E-16  2.1273270255579746
-8.673617379884035E-19    -0.012909090909090981    -1.0408340855860843E-16  2.129800125666847
-8.673617379884035E-19    -0.012883116883116955    -1.0408340855860843E-16  2.1322732257758616
-8.673617379884035E-19    -0.012857142857142932    -1.0408340855860843E-16  2.135217609196502
-8.673617379884035E-19    -0.012831168831168905    -1.0408340855860843E-16  2.1372045548482674
-8.673617379884035E-19    -0.012805194805194878    -1.0408340855860843E-16  2.137613391639661
-8.673617379884035E-19    -0.012779220779220852    -1.0408340855860843E-16  2.139496958392101
-8.673617379884035E-19    -0.012753246753246825    -1.0408340855860843E-16  2.1413805251468148
-8.673617379884035E-19    -0.012727272727272799    -1.0408340855860843E-16  2.143264091899482
-8.673617379884035E-19    -0.012701298701298772    -1.0408340855860843E-16  2.145147658652462
-8.673617379884035E-19    -0.012675324675324747    -1.0408340855860843E-16  2.147031225406181
-8.673617379884035E-19    -0.012649350649350721    -1.0408340855860843E-16  2.148914792159985
-8.673617379884035E-19    -0.012623376623376696    -1.0408340855860843E-16  2.1513429912270112
-8.673617379884035E-19    -0.01259740259740267     -1.0408340855860843E-16  2.1578434419445784
-8.673617379884035E-19    -0.012571428571428643    -1.0408340855860843E-16  2.164343892661691
-8.673617379884035E-19    -0.012545454545454617    -1.0408340855860843E-16  2.170844343379713
-8.673617379884035E-19    -0.01251948051948059     -1.0408340855860843E-16  2.1773447940963706
-8.673617379884035E-19    -0.012493506493506565    -1.0408340855860843E-16  2.1838452448155294
-8.673617379884035E-19    -0.012467532467532537    -1.0408340855860843E-16  2.189418118211961
-8.673617379884035E-19    -0.012441558441558512    -1.0408340855860843E-16  2.1951460638824756
-8.673617379884035E-19    -0.012415584415584487    -1.0408340855860843E-16  2.200874009550489
-8.673617379884035E-19    -0.01238961038961046     -1.0408340855860843E-16  2.206601955220549
-8.673617379884035E-19    -0.012363636363636434    -1.0408340855860843E-16  2.212329900891291
-8.673617379884035E-19    -0.012337662337662408    -1.0408340855860843E-16  2.2180578465618055
-8.673617379884035E-19    -0.012311688311688381    -1.0408340855860843E-16  2.2232537453354553
-8.673617379884035E-19    -0.012285714285714355    -1.0408340855860843E-16  2.235295322620459
-8.673617379884035E-19    -0.01225974025974033     -1.0408340855860843E-16  2.244735394970462
-8.673617379884035E-19    -0.012233766233766302    -1.0408340855860843E-16  2.254175467317964
-8.673617379884035E-19    -0.012207792207792275    -1.0408340855860843E-16  2.263615539669388
-8.673617379884035E-19    -0.012181818181818252    -1.0408340855860843E-16  2.2730556120159804
-8.673617379884035E-19    -0.012155844155844225    -1.0408340855860843E-16  2.2824956843652764
-8.673617379884035E-19    -0.012129870129870199    -1.0408340855860843E-16  2.2900026968518077
-8.673617379884035E-19    -0.012103896103896172    -1.0408340855860843E-16  2.3002337058030378
-8.673617379884035E-19    -0.012077922077922148    -1.0408340855860843E-16  2.3104647147543744
-8.673617379884035E-19    -0.01205194805194812     -1.0408340855860843E-16  2.3206957237049437
-8.673617379884035E-19    -0.012025974025974093    -1.0408340855860843E-16  2.330926732655371
-8.673617379884035E-19    -0.012000000000000068    -1.0408340855860843E-16  2.341157741608413
-8.673617379884035E-19    -0.01197402597402604     -1.0408340855860843E-16  2.3513887505579874
-8.673617379884035E-19    -0.011948051948052017    -1.0408340855860843E-16  2.3616197595091535
-8.673617379884035E-19    -0.01192207792207799     -1.0408340855860843E-16  2.3737233303237417
-8.673617379884035E-19    -0.011896103896103963    -1.0408340855860843E-16  2.3889722190721017
-8.673617379884035E-19    -0.011870129870129937    -1.0408340855860843E-16  2.4042211078181737
-8.673617379884035E-19    -0.01184415584415591     -1.0408340855860843E-16  2.419469996566093
-8.673617379884035E-19    -0.011818181818181886    -1.0408340855860843E-16  2.434718885311824
-8.673617379884035E-19    -0.011792207792207857    -1.0408340855860843E-16  2.448906405857649
-8.673617379884035E-19    -0.011766233766233833    -1.0408340855860843E-16  2.4639577466144402
-8.673617379884035E-19    -0.011740259740259806    -1.0408340855860843E-16  2.479009087369832
-8.673617379884035E-19    -0.011714285714285781    -1.0408340855860843E-16  2.4940604281256356
-8.673617379884035E-19    -0.011688311688311755    -1.0408340855860843E-16  2.5091117688832014
-8.673617379884035E-19    -0.011662337662337728    -1.0408340855860843E-16  2.524163109638522
-8.673617379884035E-19    -0.011636363636363702    -1.0408340855860843E-16  2.5392144503971394
-8.673617379884035E-19    -0.011610389610389675    -1.0408340855860843E-16  2.554265791151522
-8.673617379884035E-19    -0.01158441558441565     -1.0408340855860843E-16  2.56931713190977
-8.673617379884035E-19    -0.011558441558441624    -1.0408340855860843E-16  2.590156960549166
-8.673617379884035E-19    -0.011532467532467597    -1.0408340855860843E-16  2.6062856022419965
-8.673617379884035E-19    -0.01150649350649357     -1.0408340855860843E-16  2.621298447403177
-8.673617379884035E-19    -0.011480519480519546    -1.0408340855860843E-16  2.6427156603708113
-8.673617379884035E-19    -0.01145454545454552     -1.0408340855860843E-16  2.6641328733376213
-8.673617379884035E-19    -0.011428571428571493    -1.0408340855860843E-16  2.685550086304062
-8.673617379884035E-19    -0.011402597402597468    -1.0408340855860843E-16  2.7069672992724207
-8.673617379884035E-19    -0.01137662337662344     -1.0408340855860843E-16  2.7283845122394865
-8.673617379884035E-19    -0.011350649350649413    -1.0408340855860843E-16  2.749801725205117
-8.673617379884035E-19    -0.011324675324675388    -1.0408340855860843E-16  2.771218938173263
-8.673617379884035E-19    -0.011298701298701362    -1.0408340855860843E-16  2.7938469662019543
-8.673617379884035E-19    -0.011272727272727335    -1.0408340855860843E-16  2.8149681315328507
-8.673617379884035E-19    -0.01124675324675331     -1.0408340855860843E-16  2.83608929686568
-8.673617379884035E-19    -0.011220779220779286    -1.0408340855860843E-16  2.857210462197827
-8.673617379884035E-19    -0.011194805194805257    -1.0408340855860843E-16  2.88596635523686
-8.673617379884035E-19    -0.01116883116883123     -1.0408340855860843E-16  2.9110823071055165
-8.673617379884035E-19    -0.011142857142857206    -1.0408340855860843E-16  2.931129164329377
-8.673617379884035E-19    -0.011116883116883178    -1.0408340855860843E-16  2.9576921573054733
-8.673617379884035E-19    -0.011090909090909153    -1.0408340855860843E-16  2.9795716966463033
-8.673617379884035E-19    -0.011064935064935126    -1.0408340855860843E-16  3.0072565185448923
-8.673617379884035E-19    -0.011038961038961102    -1.0408340855860843E-16  3.034941340443595
-8.673617379884035E-19    -0.011012987012987075    -1.0408340855860843E-16  3.0626261623421556
-8.673617379884035E-19    -0.010987012987013049    -1.0408340855860843E-16  3.090310984241512
-8.673617379884035E-19    -0.010961038961039024    -1.0408340855860843E-16  3.1179958061401862
-8.673617379884035E-19    -0.010935064935064995    -1.0408340855860843E-16  3.145680628039827
-8.673617379884035E-19    -0.01090909090909097     -1.0408340855860843E-16  3.181597794450454
-8.673617379884035E-19    -0.010883116883116944    -1.0408340855860843E-16  3.2114883266826837
-8.673617379884035E-19    -0.010857142857142918    -1.0408340855860843E-16  3.241378858916505
-8.673617379884035E-19    -0.010831168831168891    -1.0408340855860843E-16  3.273792834467116
-8.673617379884035E-19    -0.010805194805194866    -1.0408340855860843E-16  3.303942689581163
-8.673617379884035E-19    -0.010779220779220841    -1.0408340855860843E-16  3.3340925446968868
-8.673617379884035E-19    -0.010753246753246813    -1.0408340855860843E-16  3.3609014654349494
-8.673617379884035E-19    -0.010727272727272788    -1.0408340855860843E-16  3.398193067950274
-8.673617379884035E-19    -0.010701298701298762    -1.0408340855860843E-16  3.4354846704641204
-8.673617379884035E-19    -0.010675324675324735    -1.0408340855860843E-16  3.472776272980582
-8.673617379884035E-19    -0.010649350649350709    -1.0408340855860843E-16  3.5065470552603983
-8.673617379884035E-19    -0.010623376623376682    -1.0408340855860843E-16  3.544914538407056
-8.673617379884035E-19    -0.010597402597402656    -1.0408340855860843E-16  3.583282021552577
-8.673617379884035E-19    -0.010571428571428631    -1.0408340855860843E-16  3.621649504696393
-8.673617379884035E-19    -0.010545454545454606    -1.0408340855860843E-16  3.660016987841601
-8.673617379884035E-19    -0.010519480519480578    -1.0408340855860843E-16  3.6983844709866815
-8.673617379884035E-19    -0.010493506493506551    -1.0408340855860843E-16  3.7367519541319325
-8.673617379884035E-19    -0.010467532467532526    -1.0408340855860843E-16  3.775119437277908
-8.673617379884035E-19    -0.010441558441558498    -1.0408340855860843E-16  3.8134869204233155
-8.673617379884035E-19    -0.010415584415584473    -1.0408340855860843E-16  3.851854403567586
-8.673617379884035E-19    -0.010389610389610447    -1.0408340855860843E-16  3.890221886713789
-8.673617379884035E-19    -0.010363636363636422    -1.0408340855860843E-16  3.9480993551344454
-8.673617379884035E-19    -0.010337662337662396    -1.0408340855860843E-16  3.9899311904496244
-8.673617379884035E-19    -0.010311688311688369    -1.0408340855860843E-16  4.0272814981545935
-8.673617379884035E-19    -0.010285714285714344    -1.0408340855860843E-16  4.077352485009101
-8.673617379884035E-19    -0.010259740259740316    -1.0408340855860843E-16  4.127423471865541
-8.673617379884035E-19    -0.010233766233766291    -1.0408340855860843E-16  4.179830387517654
-8.673617379884035E-19    -0.010207792207792265    -1.0408340855860843E-16  4.228506749145254
-8.673617379884035E-19    -0.010181818181818238    -1.0408340855860843E-16  4.277183110772171
-8.673617379884035E-19    -0.010155844155844211    -1.0408340855860843E-16  4.3207330621769415
-8.673617379884035E-19    -0.010129870129870185    -1.0408340855860843E-16  4.374960348570994
-8.673617379884035E-19    -0.01010389610389616     -1.0408340855860843E-16  4.42918763496516
-8.673617379884035E-19    -0.010077922077922134    -1.0408340855860843E-16  4.483414921358133
-8.673617379884035E-19    -0.010051948051948109    -1.0408340855860843E-16  4.537642207751929
-8.673617379884035E-19    -0.010025974025974082    -1.0408340855860843E-16  4.591869494145385
-8.673617379884035E-19    -0.010000000000000056    -1.0408340855860843E-16  4.646096780540688
-8.673617379884035E-19    -0.00997402597402603     -1.0408340855860843E-16  4.700324066932808
-8.673617379884035E-19    -0.009948051948052003    -1.0408340855860843E-16  4.754551353327315
-8.673617379884035E-19    -0.009922077922077976    -1.0408340855860843E-16  4.817802083336574
-8.673617379884035E-19    -0.00989610389610395     -1.0408340855860843E-16  4.873268742613391
-8.673617379884035E-19    -0.009870129870129925    -1.0408340855860843E-16  4.955540332257669
-8.673617379884035E-19    -0.009844155844155898    -1.0408340855860843E-16  5.018755994861294
-8.673617379884035E-19    -0.009818181818181873    -1.0408340855860843E-16  5.077072869175936
-8.673617379884035E-19    -0.009792207792207847    -1.0408340855860843E-16  5.139342385559985
-8.673617379884035E-19    -0.00976623376623382     -1.0408340855860843E-16  5.2016119019477856
-8.673617379884035E-19    -0.009740259740259794    -1.0408340855860843E-16  5.246200342291331
-8.673617379884035E-19    -0.009714285714285767    -1.0408340855860843E-16  5.32326979929519
-8.673617379884035E-19    -0.009688311688311742    -1.0408340855860843E-16  5.400339256297116
-8.673617379884035E-19    -0.009662337662337714    -1.0408340855860843E-16  5.477408713301884
-8.673617379884035E-19    -0.00963636363636369     -1.0408340855860843E-16  5.554478170305174
-8.673617379884035E-19    -0.009610389610389665    -1.0408340855860843E-16  5.636633262617124
-8.673617379884035E-19    -0.009584415584415638    -1.0408340855860843E-16  5.711183727828484
-8.673617379884035E-19    -0.009558441558441612    -1.0408340855860843E-16  5.785734193040753
-8.673617379884035E-19    -0.009532467532467585    -1.0408340855860843E-16  5.860284658253022
-8.673617379884035E-19    -0.00950649350649356     -1.0408340855860843E-16  5.934835123464836
-8.673617379884035E-19    -0.009480519480519532    -1.0408340855860843E-16  6.009385588677105
-8.673617379884035E-19    -0.009454545454545505    -1.0408340855860843E-16  6.117062299774716
-8.673617379884035E-19    -0.00942857142857148     -1.0408340855860843E-16  6.178406665703392
-8.673617379884035E-19    -0.009402597402597454    -1.0408340855860843E-16  6.271948309754407
-8.673617379884035E-19    -0.00937662337662343     -1.0408340855860843E-16  6.36548995381213
-8.673617379884035E-19    -0.009350649350649403    -1.0408340855860843E-16  6.449970991118789
-8.673617379884035E-19    -0.009324675324675376    -1.0408340855860843E-16  6.538827734170127
-8.673617379884035E-19    -0.00929870129870135     -1.0408340855860843E-16  6.627684477226865
-8.673617379884035E-19    -0.009272727272727323    -1.0408340855860843E-16  6.716541220281329
-8.673617379884035E-19    -0.009246753246753297    -1.0408340855860843E-16  6.805397963335508
-8.673617379884035E-19    -0.00922077922077927     -1.0408340855860843E-16  6.894254706391621
-8.673617379884035E-19    -0.009194805194805245    -1.0408340855860843E-16  6.992859577419495
-8.673617379884035E-19    -0.009168831168831219    -1.0408340855860843E-16  7.103498984658017
-8.673617379884035E-19    -0.009142857142857194    -1.0408340855860843E-16  7.214138391893357
-8.673617379884035E-19    -0.009116883116883167    -1.0408340855860843E-16  7.324777799132761
-8.673617379884035E-19    -0.00909090909090914     -1.0408340855860843E-16  7.435417206369721
-8.673617379884035E-19    -0.009064935064935114    -1.0408340855860843E-16  7.530479134347047
-8.673617379884035E-19    -0.009038961038961088    -1.0408340855860843E-16  7.647260741813625
-8.673617379884035E-19    -0.009012987012987063    -1.0408340855860843E-16  7.764042349278448
-8.673617379884035E-19    -0.008987012987013036    -1.0408340855860843E-16  7.880823956744393
-8.673617379884035E-19    -0.00896103896103901     -1.0408340855860843E-16  7.99760556420847
-8.673617379884035E-19    -0.008935064935064983    -1.0408340855860843E-16  8.11438717167482
-8.673617379884035E-19    -0.008909090909090957    -1.0408340855860843E-16  8.23116877913867
-8.673617379884035E-19    -0.008883116883116932    -1.0408340855860843E-16  8.347950386603998
-8.673617379884035E-19    -0.008857142857142905    -1.0408340855860843E-16  8.462296414880711
-8.673617379884035E-19    -0.00883116883116888     -1.0408340855860843E-16  8.575956815142263
-8.673617379884035E-19    -0.008805194805194852    -1.0408340855860843E-16  8.759809760208327
-8.673617379884035E-19    -0.008779220779220826    -1.0408340855860843E-16  8.873962324679496
-8.673617379884035E-19    -0.008753246753246801    -1.0408340855860843E-16  9.011868740235002
-8.673617379884035E-19    -0.008727272727272774    -1.0408340855860843E-16  9.149775155788973
-8.673617379884035E-19    -0.008701298701298748    -1.0408340855860843E-16  9.287681571343455
-8.673617379884035E-19    -0.008675324675324721    -1.0408340855860843E-16  9.42558798689879
-8.673617379884035E-19    -0.008649350649350697    -1.0408340855860843E-16  9.563494402451397
-8.673617379884035E-19    -0.00862337662337667     -1.0408340855860843E-16  9.735355238891705
-8.673617379884035E-19    -0.008597402597402643    -1.0408340855860843E-16  9.889295729238512
-8.673617379884035E-19    -0.008571428571428617    -1.0408340855860843E-16  10.043236219585765
-8.673617379884035E-19    -0.00854545454545459     -1.0408340855860843E-16  10.19717670993407
-8.673617379884035E-19    -0.008519480519480566    -1.0408340855860843E-16  10.351117200281237
-8.673617379884035E-19    -0.008493506493506539    -1.0408340855860843E-16  10.505057690631247
-8.673617379884035E-19    -0.008467532467532513    -1.0408340855860843E-16  10.685237962489737
-8.673617379884035E-19    -0.008441558441558486    -1.0408340855860843E-16  10.816115630687818
-8.673617379884035E-19    -0.008415584415584461    -1.0408340855860843E-16  11.008774295884677
-8.673617379884035E-19    -0.008389610389610436    -1.0408340855860843E-16  11.201432961076875
-8.673617379884035E-19    -0.008363636363636408    -1.0408340855860843E-16  11.394091626271347
-8.673617379884035E-19    -0.008337662337662383    -1.0408340855860843E-16  11.586750291465023
-8.673617379884035E-19    -0.008311688311688357    -1.0408340855860843E-16  11.779408956658699
-8.673617379884035E-19    -0.00828571428571433     -1.0408340855860843E-16  11.972067621851238
-8.673617379884035E-19    -0.008259740259740304    -1.0408340855860843E-16  12.146828296358649
-8.673617379884035E-19    -0.008233766233766277    -1.0408340855860843E-16  12.339075859877397
-8.673617379884035E-19    -0.00820779220779225     -1.0408340855860843E-16  12.531323423395861
-8.673617379884035E-19    -0.008181818181818226    -1.0408340855860843E-16  12.743302249660019
-8.673617379884035E-19    -0.008155844155844201    -1.0408340855860843E-16  12.967215080877736
-8.673617379884035E-19    -0.008129870129870173    -1.0408340855860843E-16  13.191127912093208
-8.673617379884035E-19    -0.008103896103896148    -1.0408340855860843E-16  13.41504074330917
-8.673617379884035E-19    -0.008077922077922121    -1.0408340855860843E-16  13.638953574527875
-8.673617379884035E-19    -0.008051948051948093    -1.0408340855860843E-16  13.862866405744455
-8.673617379884035E-19    -0.008025974025974068    -1.0408340855860843E-16  14.093981968246567
-8.673617379884035E-19    -0.008000000000000042    -1.0408340855860843E-16  14.235731571455062
-8.673617379884035E-19    -0.007974025974026015    -1.0408340855860843E-16  14.507357938046653
-8.673617379884035E-19    -0.00794805194805199     -1.0408340855860843E-16  14.778984304640858
-8.673617379884035E-19    -0.007922077922077964    -1.0408340855860843E-16  15.050610671233017
-8.673617379884035E-19    -0.007896103896103939    -1.0408340855860843E-16  15.322237037826824
-8.673617379884035E-19    -0.00787012987012991     -1.0408340855860843E-16  15.593863404419189
-8.673617379884035E-19    -0.007844155844155886    -1.0408340855860843E-16  15.86548977101279
-8.673617379884035E-19    -0.00781818181818186     -1.0408340855860843E-16  16.13711613760529
-8.673617379884035E-19    -0.007792207792207836    -1.0408340855860843E-16  16.40874250419813
-8.673617379884035E-19    -0.007766233766233807    -1.0408340855860843E-16  16.68036887079097
-8.673617379884035E-19    -0.007740259740259781    -1.0408340855860843E-16  16.951995237383926
-8.673617379884035E-19    -0.007714285714285757    -1.0408340855860843E-16  17.22362160397688
-8.673617379884035E-19    -0.0076883116883117286   -1.0408340855860843E-16  17.610457685588244
-8.673617379884035E-19    -0.007662337662337704    -1.0408340855860843E-16  17.879984850811525
-8.673617379884035E-19    -0.007636363636363677    -1.0408340855860843E-16  18.150710229199376
-8.673617379884035E-19    -0.007610389610389651    -1.0408340855860843E-16  18.50187076032489
-8.673617379884035E-19    -0.007584415584415624    -1.0408340855860843E-16  18.861518791772482
-8.673617379884035E-19    -0.0075584415584415985   -1.0408340855860843E-16  19.20219846197483
-8.673617379884035E-19    -0.007532467532467572    -1.0408340855860843E-16  19.542878132176497
-8.673617379884035E-19    -0.007506493506493545    -1.0408340855860843E-16  19.883557802378192
-8.673617379884035E-19    -0.0074805194805195215   -1.0408340855860843E-16  20.22423747257801
-8.673617379884035E-19    -0.007454545454545493    -1.0408340855860843E-16  20.56491714278036
-8.673617379884035E-19    -0.007428571428571468    -1.0408340855860843E-16  20.905596812981685
-8.673617379884035E-19    -0.007402597402597442    -1.0408340855860843E-16  21.24627648318301
-8.673617379884035E-19    -0.007376623376623415    -1.0408340855860843E-16  21.586956153385017
-8.673617379884035E-19    -0.007350649350649389    -1.0408340855860843E-16  21.91338106532953
-8.673617379884035E-19    -0.007324675324675363    -1.0408340855860843E-16  22.347275047853827
-8.673617379884035E-19    -0.0072987012987013366   -1.0408340855860843E-16  22.797747781497492
-8.673617379884035E-19    -0.00727272727272731     -1.0408340855860843E-16  23.24993861161323
-8.673617379884035E-19    -0.007246753246753286    -1.0408340855860843E-16  23.697316167831502
-8.673617379884035E-19    -0.0072207792207792595   -1.0408340855860843E-16  24.144693724048608
-8.673617379884035E-19    -0.007194805194805233    -1.0408340855860843E-16  24.592071280265998
-8.673617379884035E-19    -0.0071688311688312065   -1.0408340855860843E-16  25.039448836482876
-8.673617379884035E-19    -0.00714285714285718     -1.0408340855860843E-16  25.48682639269859
-8.673617379884035E-19    -0.007116883116883155    -1.0408340855860843E-16  25.934203948915496
-8.673617379884035E-19    -0.007090909090909128    -1.0408340855860843E-16  26.381581505130868
-8.673617379884035E-19    -0.007064935064935102    -1.0408340855860843E-16  27.104954314930183
-8.673617379884035E-19    -0.007038961038961076    -1.0408340855860843E-16  27.214961190021995
-8.673617379884035E-19    -0.007012987012987049    -1.0408340855860843E-16  27.868009890304165
-8.673617379884035E-19    -0.006987012987013024    -1.0408340855860843E-16  28.405129064046378
-8.673617379884035E-19    -0.006961038961038998    -1.0408340855860843E-16  28.94224823778768
-8.673617379884035E-19    -0.006935064935064971    -1.0408340855860843E-16  29.479367411527164
-8.673617379884035E-19    -0.0069090909090909446   -1.0408340855860843E-16  30.016486585268012
-8.673617379884035E-19    -0.006883116883116918    -1.0408340855860843E-16  30.55360575900886
-8.673617379884035E-19    -0.006857142857142892    -1.0408340855860843E-16  31.09072493274948
-8.673617379884035E-19    -0.006831168831168867    -1.0408340855860843E-16  31.627844106491352
-8.673617379884035E-19    -0.006805194805194841    -1.0408340855860843E-16  32.16496328023099
-8.673617379884035E-19    -0.006779220779220814    -1.0408340855860843E-16  32.702082453972935
-8.673617379884035E-19    -0.006753246753246789    -1.0408340855860843E-16  33.239201627712646
-8.673617379884035E-19    -0.006727272727272762    -1.0408340855860843E-16  33.77632080145304
-8.673617379884035E-19    -0.006701298701298736    -1.0408340855860843E-16  34.59660136350021
-8.673617379884035E-19    -0.006675324675324709    -1.0408340855860843E-16  35.281133809198536
-8.673617379884035E-19    -0.006649350649350683    -1.0408340855860843E-16  35.96566625489451
-8.673617379884035E-19    -0.006623376623376659    -1.0408340855860843E-16  36.700736688844316
-8.673617379884035E-19    -0.006597402597402633    -1.0408340855860843E-16  37.383670180930835
-8.673617379884035E-19    -0.006571428571428606    -1.0408340855860843E-16  38.066603673018335
-8.673617379884035E-19    -0.00654545454545458     -1.0408340855860843E-16  38.74953716510572
-8.673617379884035E-19    -0.006519480519480553    -1.0408340855860843E-16  39.43247065719379
-8.673617379884035E-19    -0.006493506493506527    -1.0408340855860843E-16  40.10132335844719
-8.673617379884035E-19    -0.0064675324675325      -1.0408340855860843E-16  40.79599395269179
-8.673617379884035E-19    -0.0064415584415584756   -1.0408340855860843E-16  41.59641974190845
-8.673617379884035E-19    -0.006415584415584448    -1.0408340855860843E-16  42.43411302811802
-8.673617379884035E-19    -0.006389610389610423    -1.0408340855860843E-16  43.223424386711
-8.673617379884035E-19    -0.006363636363636397    -1.0408340855860843E-16  44.02427225346838
-8.673617379884035E-19    -0.006337662337662369    -1.0408340855860843E-16  44.82512012022969
-8.673617379884035E-19    -0.006311688311688345    -1.0408340855860843E-16  45.62596798698573
-8.673617379884035E-19    -0.006285714285714318    -1.0408340855860843E-16  46.426815853744976
-8.673617379884035E-19    -0.0062597402597402915   -1.0408340855860843E-16  47.227663720504694
-8.673617379884035E-19    -0.006233766233766265    -1.0408340855860843E-16  48.02851158726258
-8.673617379884035E-19    -0.006207792207792239    -1.0408340855860843E-16  48.94196569454607
-8.673617379884035E-19    -0.006181818181818212    -1.0408340855860843E-16  49.920179589424905
-8.673617379884035E-19    -0.006155844155844185    -1.0408340855860843E-16  50.89839348430493
-8.673617379884035E-19    -0.006129870129870162    -1.0408340855860843E-16  51.876607379184236
-8.673617379884035E-19    -0.006103896103896133    -1.0408340855860843E-16  52.84260342451125
-8.673617379884035E-19    -0.006077922077922111    -1.0408340855860843E-16  53.806166724482864
-8.673617379884035E-19    -0.006051948051948083    -1.0408340855860843E-16  54.769730024453565
-8.673617379884035E-19    -0.006025974025974056    -1.0408340855860843E-16  55.800631120380444
-8.673617379884035E-19    -0.006000000000000031    -1.0408340855860843E-16  56.77702819719843
-8.673617379884035E-19    -0.005974025974026003    -1.0408340855860843E-16  57.753425274019946
-8.673617379884035E-19    -0.005948051948051979    -1.0408340855860843E-16  58.729822350839186
-8.673617379884035E-19    -0.005922077922077953    -1.0408340855860843E-16  59.74215002485471
-8.673617379884035E-19    -0.005896103896103926    -1.0408340855860843E-16  60.83153665422947
-8.673617379884035E-19    -0.0058701298701299      -1.0408340855860843E-16  61.92092328360286
-8.673617379884035E-19    -0.005844155844155874    -1.0408340855860843E-16  63.01030991297739
-8.673617379884035E-19    -0.005818181818181847    -1.0408340855860843E-16  64.09969654235329
-8.673617379884035E-19    -0.005792207792207821    -1.0408340855860843E-16  65.18908317172873
-8.673617379884035E-19    -0.005766233766233796    -1.0408340855860843E-16  66.50501393453135
-8.673617379884035E-19    -0.005740259740259769    -1.0408340855860843E-16  67.6749380646852
-8.673617379884035E-19    -0.005714285714285743    -1.0408340855860843E-16  68.72859311239239
-8.673617379884035E-19    -0.005688311688311716    -1.0408340855860843E-16  69.97710529060805
-8.673617379884035E-19    -0.0056623376623376916   -1.0408340855860843E-16  71.22561746882252
-8.673617379884035E-19    -0.005636363636363664    -1.0408340855860843E-16  72.47412964703885
-8.673617379884035E-19    -0.0056103896103896385   -1.0408340855860843E-16  73.7226418252536
-8.673617379884035E-19    -0.005584415584415612    -1.0408340855860843E-16  74.97115400346894
-8.673617379884035E-19    -0.005558441558441585    -1.0408340855860843E-16  76.21925489879845
-8.673617379884035E-19    -0.005532467532467561    -1.0408340855860843E-16  77.46463586848006
-8.673617379884035E-19    -0.005506493506493532    -1.0408340855860843E-16  78.71001683816212
-8.673617379884035E-19    -0.005480519480519508    -1.0408340855860843E-16  79.95539780784156
-8.673617379884035E-19    -0.005454545454545482    -1.0408340855860843E-16  81.48822682300715
-8.673617379884035E-19    -0.005428571428571454    -1.0408340855860843E-16  82.84221384417083
-8.673617379884035E-19    -0.005402597402597431    -1.0408340855860843E-16  84.19620086533087
-8.673617379884035E-19    -0.005376623376623403    -1.0408340855860843E-16  85.44072723407726
-8.673617379884035E-19    -0.005350649350649377    -1.0408340855860843E-16  86.83518412141677
-8.673617379884035E-19    -0.005324675324675352    -1.0408340855860843E-16  88.16813123700967
-8.673617379884035E-19    -0.0052987012987013235   -1.0408340855860843E-16  89.60664306182844
-8.673617379884035E-19    -0.0052727272727273      -1.0408340855860843E-16  91.04515488664765
-8.673617379884035E-19    -0.005246753246753272    -1.0408340855860843E-16  92.48366671146641
-8.673617379884035E-19    -0.005220779220779246    -1.0408340855860843E-16  93.92217853628472
-8.673617379884035E-19    -0.005194805194805221    -1.0408340855860843E-16  95.36069036110462
-8.673617379884035E-19    -0.005168831168831193    -1.0408340855860843E-16  96.79920218592281
-8.673617379884035E-19    -0.005142857142857168    -1.0408340855860843E-16  98.23499938623058
-8.673617379884035E-19    -0.005116883116883141    -1.0408340855860843E-16  99.64905148630191
-8.673617379884035E-19    -0.005090909090909116    -1.0408340855860843E-16  101.06310358637393
-8.673617379884035E-19    -0.005064935064935089    -1.0408340855860843E-16  102.47715568644799
-8.673617379884035E-19    -0.005038961038961063    -1.0408340855860843E-16  104.04454802298278
-8.673617379884035E-19    -0.005012987012987038    -1.0408340855860843E-16  105.54796630173405
-8.673617379884035E-19    -0.004987012987013011    -1.0408340855860843E-16  107.05138458048418
-8.673617379884035E-19    -0.004961038961038985    -1.0408340855860843E-16  108.5548028592336
-8.673617379884035E-19    -0.004935064935064959    -1.0408340855860843E-16  110.04904982372705
-8.673617379884035E-19    -0.004909090909090932    -1.0408340855860843E-16  111.54736419597998
-8.673617379884035E-19    -0.004883116883116908    -1.0408340855860843E-16  113.04567856823371
-8.673617379884035E-19    -0.004857142857142881    -1.0408340855860843E-16  114.5439929404896
-8.673617379884035E-19    -0.004831168831168853    -1.0408340855860843E-16  116.0423073127435
-8.673617379884035E-19    -0.004805194805194829    -1.0408340855860843E-16  117.54062168499615
-8.673617379884035E-19    -0.004779220779220802    -1.0408340855860843E-16  119.03893605725114
-8.673617379884035E-19    -0.004753246753246776    -1.0408340855860843E-16  120.53725042950373
-8.673617379884035E-19    -0.004727272727272751    -1.0408340855860843E-16  121.97637419895896
-8.673617379884035E-19    -0.004701298701298723    -1.0408340855860843E-16  123.64497099433385
-8.673617379884035E-19    -0.004675324675324699    -1.0408340855860843E-16  125.05668207545608
-8.673617379884035E-19    -0.004649350649350672    -1.0408340855860843E-16  126.4683931565794
-8.673617379884035E-19    -0.004623376623376644    -1.0408340855860843E-16  127.88010423770399
-8.673617379884035E-19    -0.00459740259740262     -1.0408340855860843E-16  129.2918153188258
-8.673617379884035E-19    -0.004571428571428593    -1.0408340855860843E-16  130.7035263999493
-8.673617379884035E-19    -0.004545454545454567    -1.0408340855860843E-16  132.1152374810721
-8.673617379884035E-19    -0.00451948051948054     -1.0408340855860843E-16  133.5269485621955
-8.673617379884035E-19    -0.004493506493506516    -1.0408340855860843E-16  134.93865964331948
-8.673617379884035E-19    -0.004467532467532488    -1.0408340855860843E-16  136.350370724442
-8.673617379884035E-19    -0.004441558441558462    -1.0408340855860843E-16  137.76208180556443
-8.673617379884035E-19    -0.004415584415584437    -1.0408340855860843E-16  139.1135898356829
-8.673617379884035E-19    -0.0043896103896104086   -1.0408340855860843E-16  140.54630123690004
-8.673617379884035E-19    -0.004363636363636384    -1.0408340855860843E-16  142.08867744248414
-8.673617379884035E-19    -0.004337662337662358    -1.0408340855860843E-16  142.74060234068588
-8.673617379884035E-19    -0.0043116883116883315   -1.0408340855860843E-16  143.99802294551478
-8.673617379884035E-19    -0.004285714285714307    -1.0408340855860843E-16  145.84564568544803
-8.673617379884035E-19    -0.0042597402597402785   -1.0408340855860843E-16  146.97227029977216
-8.673617379884035E-19    -0.004233766233766252    -1.0408340855860843E-16  148.09889491409643
-8.673617379884035E-19    -0.004207792207792228    -1.0408340855860843E-16  149.22551952842065
-8.673617379884035E-19    -0.0041818181818182015   -1.0408340855860843E-16  150.352144142745
-8.673617379884035E-19    -0.004155844155844176    -1.0408340855860843E-16  151.4787687570697
-8.673617379884035E-19    -0.004129870129870149    -1.0408340855860843E-16  152.6053933713943
-8.673617379884035E-19    -0.004103896103896122    -1.0408340855860843E-16  153.7320179857186
-8.673617379884035E-19    -0.004077922077922096    -1.0408340855860843E-16  154.8586426000431
-8.673617379884035E-19    -0.004051948051948071    -1.0408340855860843E-16  155.9852672143672
-8.673617379884035E-19    -0.004025974025974043    -1.0408340855860843E-16  157.1118918286929
-8.673617379884035E-19    -0.004000000000000019    -1.0408340855860843E-16  158.2385164430159
-8.673617379884035E-19    -0.003974025974025993    -1.0408340855860843E-16  159.36514105734003
-8.673617379884035E-19    -0.003948051948051966    -1.0408340855860843E-16  159.46291411377638
-8.673617379884035E-19    -0.0039220779220779396   -1.0408340855860843E-16  160.3429758323009
-8.673617379884035E-19    -0.003896103896103913    -1.0408340855860843E-16  161.22303755082373
-8.673617379884035E-19    -0.0038701298701298873   -1.0408340855860843E-16  162.10309926934815
-8.673617379884035E-19    -0.003844155844155861    -1.0408340855860843E-16  162.9831609878714
-8.673617379884035E-19    -0.003818181818181836    -1.0408340855860843E-16  164.3358870913751
-8.673617379884035E-19    -0.0037922077922078077   -1.0408340855860843E-16  164.90399940013103
-8.673617379884035E-19    -0.003766233766233781    -1.0408340855860843E-16  165.47211170888662
-8.673617379884035E-19    -0.0037402597402597573   -1.0408340855860843E-16  166.0402240176414
-8.673617379884035E-19    -0.003714285714285729    -1.0408340855860843E-16  166.6083363263969
-8.673617379884035E-19    -0.003688311688311707    -1.0408340855860843E-16  167.17644863515181
-8.673617379884035E-19    -0.0036623376623376785   -1.0408340855860843E-16  167.76600930689875
-8.673617379884035E-19    -0.003636363636363651    -1.0408340855860843E-16  168.3573847160069
-8.673617379884035E-19    -0.003610389610389627    -1.0408340855860843E-16  168.94876012511497
-8.673617379884035E-19    -0.003584415584415599    -1.0408340855860843E-16  169.54013553422396
-8.673617379884035E-19    -0.0035584415584415724   -1.0408340855860843E-16  169.3453297517243
-8.673617379884035E-19    -0.0035324675324675484   -1.0408340855860843E-16  169.6725212548406
-8.673617379884035E-19    -0.003506493506493522    -1.0408340855860843E-16  169.9997127579577
-8.673617379884035E-19    -0.0034805194805194953   -1.0408340855860843E-16  170.91624741304184
-8.673617379884035E-19    -0.003454545454545469    -1.0408340855860843E-16  171.11022554251335
-8.673617379884035E-19    -0.0034285714285714423   -1.0408340855860843E-16  171.30420367198462
-8.673617379884035E-19    -0.0034025974025974166   -1.0408340855860843E-16  171.4981818014568
-8.673617379884035E-19    -0.003376623376623392    -1.0408340855860843E-16  171.692159930929
-8.673617379884035E-19    -0.0033506493506493635   -1.0408340855860843E-16  171.8861380604011
-8.673617379884035E-19    -0.0033246753246753387   -1.0408340855860843E-16  172.0801161898732
-8.673617379884035E-19    -0.003298701298701312    -1.0408340855860843E-16  172.2740943193454
-8.673617379884035E-19    -0.0032727272727272865   -1.0408340855860843E-16  172.4680724488174
-8.673617379884035E-19    -0.00324675324675326     -1.0408340855860843E-16  172.6620505782903
-8.673617379884035E-19    -0.0032207792207792343   -1.0408340855860843E-16  172.48120744888047
-8.673617379884035E-19    -0.0031948051948052078   -1.0408340855860843E-16  172.2266418727798
-8.673617379884035E-19    -0.0031688311688311804   -1.0408340855860843E-16  171.97207629668094
-8.673617379884035E-19    -0.0031428571428571564   -1.0408340855860843E-16  171.71751072058112
-8.673617379884035E-19    -0.003116883116883128    -1.0408340855860843E-16  171.46294514448056
-8.673617379884035E-19    -0.0030909090909091042   -1.0408340855860843E-16  171.20837956838096
-8.673617379884035E-19    -0.0030649350649350777   -1.0408340855860843E-16  170.94403823837558
-8.673617379884035E-19    -0.0030389610389610494   -1.0408340855860843E-16  170.7195274740037
-8.673617379884035E-19    -0.0030129870129870263   -1.0408340855860843E-16  170.4950167096331
-8.673617379884035E-19    -0.002987012987012998    -1.0408340855860843E-16  170.270505945261
-8.673617379884035E-19    -0.0029610389610389715   -1.0408340855860843E-16  170.0459951808898
-8.673617379884035E-19    -0.0029350649350649476   -1.0408340855860843E-16  169.90151815070863
-8.673617379884035E-19    -0.0029090909090909193   -1.0408340855860843E-16  169.67133379918278
-8.673617379884035E-19    -0.0028831168831168945   -1.0408340855860843E-16  169.4151036227296
-8.673617379884035E-19    -0.002857142857142868    -1.0408340855860843E-16  168.69130205111009
-8.673617379884035E-19    -0.0028311688311688414   -1.0408340855860843E-16  168.12234714288473
-8.673617379884035E-19    -0.0028051948051948158   -1.0408340855860843E-16  167.55339223465813
-8.673617379884035E-19    -0.002779220779220791    -1.0408340855860843E-16  166.98443732643253
-8.673617379884035E-19    -0.0027532467532467636   -1.0408340855860843E-16  166.4154824182076
-8.673617379884035E-19    -0.002727272727272737    -1.0408340855860843E-16  165.84652750998117
-8.673617379884035E-19    -0.0027012987012987114   -1.0408340855860843E-16  165.27757260175633
-8.673617379884035E-19    -0.002675324675324684    -1.0408340855860843E-16  164.8327918452901
-8.673617379884035E-19    -0.002649350649350659    -1.0408340855860843E-16  164.33450322167334
-8.673617379884035E-19    -0.0026233766233766335   -1.0408340855860843E-16  163.83621459805647
-8.673617379884035E-19    -0.002597402597402606    -1.0408340855860843E-16  163.3379259744387
-8.673617379884035E-19    -0.0025714285714285804   -1.0408340855860843E-16  162.35799103209206
-8.673617379884035E-19    -0.0025454545454545547   -1.0408340855860843E-16  161.59020872098085
-8.673617379884035E-19    -0.0025194805194805273   -1.0408340855860843E-16  160.8224264098694
-8.673617379884035E-19    -0.0024935064935065034   -1.0408340855860843E-16  160.0546440987588
-8.673617379884035E-19    -0.002467532467532476    -1.0408340855860843E-16  159.28686178764696
-8.673617379884035E-19    -0.0024415584415584486   -1.0408340855860843E-16  158.51907947653694
-8.673617379884035E-19    -0.0024155844155844246   -1.0408340855860843E-16  157.77093202126684
-8.673617379884035E-19    -0.0023896103896103972   -1.0408340855860843E-16  157.05415950190127
-8.673617379884035E-19    -0.00236363636363637     -1.0408340855860843E-16  156.1755396639228
-8.673617379884035E-19    -0.002337662337662346    -1.0408340855860843E-16  155.2910255742375
-8.673617379884035E-19    -0.0023116883116883185   -1.0408340855860843E-16  154.43337777447726
-8.673617379884035E-19    -0.0022857142857142937   -1.0408340855860843E-16  153.5757299747166
-8.673617379884035E-19    -0.002259740259740268    -1.0408340855860843E-16  152.71808217495658
-8.673617379884035E-19    -0.0022337662337662397   -1.0408340855860843E-16  151.860434375196
-8.673617379884035E-19    -0.002207792207792215    -1.0408340855860843E-16  151.0027865754351
-8.673617379884035E-19    -0.0021818181818181893   -1.0408340855860843E-16  150.00310254410533
-8.673617379884035E-19    -0.0021558441558441627   -1.0408340855860843E-16  149.14028565808212
-8.673617379884035E-19    -0.002129870129870136    -1.0408340855860843E-16  148.19942377684893
-8.673617379884035E-19    -0.0021038961038961105   -1.0408340855860843E-16  147.25856189561378
-8.673617379884035E-19    -0.002077922077922083    -1.0408340855860843E-16  146.3177000143807
-8.673617379884035E-19    -0.0020519480519480575   -1.0408340855860843E-16  145.37683813314646
-8.673617379884035E-19    -0.0020259740259740327   -1.0408340855860843E-16  144.51247841139212
-8.673617379884035E-19    -0.0020000000000000052   -1.0408340855860843E-16  143.50942674813487
-8.673617379884035E-19    -0.0019740259740259796   -1.0408340855860843E-16  142.50637508487853
-8.673617379884035E-19    -0.001948051948051953    -1.0408340855860843E-16  141.50332342162167
-8.673617379884035E-19    -0.0019220779220779256   -1.0408340855860843E-16  140.50027175836496
-8.673617379884035E-19    -0.0018961038961039      -1.0408340855860843E-16  139.49722009510813
-8.673617379884035E-19    -0.0018701298701298752   -1.0408340855860843E-16  138.49416843185142
-8.673617379884035E-19    -0.0018441558441558478   -1.0408340855860843E-16  137.49111676859474
-8.673617379884035E-19    -0.0018181818181818238   -1.0408340855860843E-16  136.48806510533825
-8.673617379884035E-19    -0.0017922077922077964   -1.0408340855860843E-16  135.48501344208117
-8.673617379884035E-19    -0.0017662337662337681   -1.0408340855860843E-16  134.48196177882434
-8.673617379884035E-19    -0.001740259740259745    -1.0408340855860843E-16  133.47891011556746
-8.673617379884035E-19    -0.0017142857142857177   -1.0408340855860843E-16  132.51712800807695
-8.673617379884035E-19    -0.0016883116883116929   -1.0408340855860843E-16  131.3887145118243
-8.673617379884035E-19    -0.0016623376623376663   -1.0408340855860843E-16  130.39244067756113
-8.673617379884035E-19    -0.0016363636363636398   -1.0408340855860843E-16  129.39440434658349
-8.673617379884035E-19    -0.0016103896103896133   -1.0408340855860843E-16  128.36297557957903
-8.673617379884035E-19    -0.0015844155844155876   -1.0408340855860843E-16  127.33254000751776
-8.673617379884035E-19    -0.001558441558441561    -1.0408340855860843E-16  126.30369808556486
-8.673617379884035E-19    -0.0015324675324675354   -1.0408340855860843E-16  125.27762059875226
-8.673617379884035E-19    -0.0015064935064935097   -1.0408340855860843E-16  124.25154311193936
-8.673617379884035E-19    -0.0014805194805194823   -1.0408340855860843E-16  123.2254656251266
-8.673617379884035E-19    -0.0014545454545454558   -1.0408340855860843E-16  122.19938813831325
-8.673617379884035E-19    -0.001428571428571431    -1.0408340855860843E-16  121.1733106515007
-8.673617379884035E-19    -0.0014025974025974036   -1.0408340855860843E-16  120.14723316468798
-8.673617379884035E-19    -0.0013766233766233779   -1.0408340855860843E-16  119.12115567787541
-8.673617379884035E-19    -0.001350649350649353    -1.0408340855860843E-16  118.09507819106224
-8.673617379884035E-19    -0.0013246753246753257   -1.0408340855860843E-16  117.0690007042496
-8.673617379884035E-19    -0.0012987012987012991   -1.0408340855860843E-16  116.04292321743637
-8.673617379884035E-19    -0.0012727272727272735   -1.0408340855860843E-16  115.01684573062373
-8.673617379884035E-19    -0.001246753246753246    -1.0408340855860843E-16  114.01958497730078
-8.673617379884035E-19    -0.001220779220779223    -1.0408340855860843E-16  113.02471152521493
-8.673617379884035E-19    -0.0011948051948051956   -1.0408340855860843E-16  112.02983807312938
-8.673617379884035E-19    -0.0011688311688311682   -1.0408340855860843E-16  111.03496462104329
-8.673617379884035E-19    -0.0011428571428571434   -1.0408340855860843E-16  110.04009116895713
-8.673617379884035E-19    -0.0011168831168831168   -1.0408340855860843E-16  109.07157268859874
-8.673617379884035E-19    -0.0010909090909090912   -1.0408340855860843E-16  108.07929897804081
-8.673617379884035E-19    -0.0010649350649350655   -1.0408340855860843E-16  107.08702526748353
-8.673617379884035E-19    -0.001038961038961038    -1.0408340855860843E-16  106.09475155692674
-8.673617379884035E-19    -0.0010129870129870124   -1.0408340855860843E-16  105.10247784636937
-8.673617379884035E-19    -9.870129870129868E-4    -1.0408340855860843E-16  104.1319015565241
-8.673617379884035E-19    -9.610389610389602E-4    -1.0408340855860843E-16  103.1412200183313
-8.673617379884035E-19    -9.350649350649337E-4    -1.0408340855860843E-16  102.19641971525957
-8.673617379884035E-19    -9.09090909090908E-4     -1.0408340855860843E-16  101.25161941218838
-8.673617379884035E-19    -8.831168831168815E-4    -1.0408340855860843E-16  100.30681910911676
-8.673617379884035E-19    -8.571428571428558E-4    -1.0408340855860843E-16  99.3636745586033
-8.673617379884035E-19    -8.311688311688301E-4    -1.0408340855860843E-16  98.37974130786074
-8.673617379884035E-19    -8.051948051948027E-4    -1.0408340855860843E-16  97.45676260222189
-8.673617379884035E-19    -7.79220779220777E-4     -1.0408340855860843E-16  96.5337838965819
-8.673617379884035E-19    -7.532467532467514E-4    -1.0408340855860843E-16  95.61080519094332
-8.673617379884035E-19    -7.27272727272724E-4     -1.0408340855860843E-16  94.6878264853043
-8.673617379884035E-19    -7.012987012986983E-4    -1.0408340855860843E-16  93.76484777966459
-8.673617379884035E-19    -6.753246753246726E-4    -1.0408340855860843E-16  92.84186907402568
-8.673617379884035E-19    -6.493506493506452E-4    -1.0408340855860843E-16  91.99927325067179
-8.673617379884035E-19    -6.233766233766213E-4    -1.0408340855860843E-16  91.11829424024629
-8.673617379884035E-19    -5.974025974025939E-4    -1.0408340855860843E-16  90.23731522982108
-8.673617379884035E-19    -5.714285714285674E-4    -1.0408340855860843E-16  89.34031430270284
-8.673617379884035E-19    -5.454545454545425E-4    -1.0408340855860843E-16  88.48334161283032
-8.673617379884035E-19    -5.194805194805151E-4    -1.0408340855860843E-16  87.62636892295808
-8.673617379884035E-19    -4.935064935064903E-4    -1.0408340855860843E-16  86.74294303990206
-8.673617379884035E-19    -4.6753246753246467E-4   -1.0408340855860843E-16  85.88680308758242
-8.673617379884035E-19    -4.4155844155843726E-4   -1.0408340855860843E-16  85.03066313526239
-8.673617379884035E-19    -4.155844155844116E-4    -1.0408340855860843E-16  84.17452318294244
-8.673617379884035E-19    -3.896103896103859E-4    -1.0408340855860843E-16  83.31838323062269
-8.673617379884035E-19    -3.636363636363585E-4    -1.0408340855860843E-16  82.4622432783029
-8.673617379884035E-19    -3.3766233766233285E-4   -1.0408340855860843E-16  81.60610332598301
-8.673617379884035E-19    -3.116883116883072E-4    -1.0408340855860843E-16  80.7499633736632
-8.673617379884035E-19    -2.8571428571428064E-4   -1.0408340855860843E-16  79.89382342134363
-8.673617379884035E-19    -2.5974025974025497E-4   -1.0408340855860843E-16  79.12378532717894
-8.673617379884035E-19    -2.3376623376622843E-4   -1.0408340855860843E-16  78.37077682405072
-8.673617379884035E-19    -2.0779220779220103E-4   -1.0408340855860843E-16  77.61776832092188
-8.673617379884035E-19    -1.8181818181817536E-4   -1.0408340855860843E-16  76.86475981779346
-8.673617379884035E-19    -1.5584415584415055E-4   -1.0408340855860843E-16  76.11175131466479
-8.673617379884035E-19    -1.2987012987012315E-4   -1.0408340855860843E-16  75.35874281153616
-8.673617379884035E-19    -1.0389610389609748E-4   -1.0408340855860843E-16  74.60573430840756
-8.673617379884035E-19    -7.792207792207094E-5    -1.0408340855860843E-16  73.85272580527914
-8.673617379884035E-19    -5.19480519480444E-5     -1.0408340855860843E-16  73.08854182821722
-8.673617379884035E-19    -2.5974025974020466E-5   -1.0408340855860843E-16  72.32717620678825
-8.673617379884035E-19    6.938893903907228E-18    -1.0408340855860843E-16  71.56581058535836
-8.673617379884035E-19    2.5974025974031742E-5    -1.0408340855860843E-16  70.81461304530356
-8.673617379884035E-19    5.1948051948060014E-5    -1.0408340855860843E-16  70.04130988598035
-8.673617379884035E-19    7.792207792208482E-5     -1.0408340855860843E-16  69.35766385124987
-8.673617379884035E-19    1.0389610389611136E-4    -1.0408340855860843E-16  68.67231598589456
-8.673617379884035E-19    1.2987012987013963E-4    -1.0408340855860843E-16  67.97845994704772
-8.673617379884035E-19    1.5584415584416443E-4    -1.0408340855860843E-16  67.28460390820067
-8.673617379884035E-19    1.8181818181818923E-4    -1.0408340855860843E-16  66.59074786935396
-8.673617379884035E-19    2.0779220779221404E-4    -1.0408340855860843E-16  65.89689183050729
-8.673617379884035E-19    2.337662337662423E-4     -1.0408340855860843E-16  65.20303579166006
-8.673617379884035E-19    2.5974025974026885E-4    -1.0408340855860843E-16  64.58460668364222
-8.673617379884035E-19    2.8571428571429365E-4    -1.0408340855860843E-16  63.92581804452172
-8.673617379884035E-19    3.116883116883219E-4     -1.0408340855860843E-16  63.267029405401075
-8.673617379884035E-19    3.376623376623467E-4     -1.0408340855860843E-16  62.60641189375923
-8.673617379884035E-19    3.6363636363637153E-4    -1.0408340855860843E-16  61.924084001612016
-8.673617379884035E-19    3.896103896103998E-4     -1.0408340855860843E-16  61.31449579717162
-8.673617379884035E-19    4.1558441558442547E-4    -1.0408340855860843E-16  60.47298003369605
-8.673617379884035E-19    4.4155844155845114E-4    -1.0408340855860843E-16  59.89805867691706
-8.673617379884035E-19    4.6753246753247595E-4    -1.0408340855860843E-16  59.32313732013816
-8.673617379884035E-19    4.935064935065042E-4     -1.0408340855860843E-16  58.7482159633592
-8.673617379884035E-19    5.19480519480529E-4      -1.0408340855860843E-16  58.173294606580384
-8.673617379884035E-19    5.454545454545547E-4     -1.0408340855860843E-16  57.59837324980154
-8.673617379884035E-19    5.71428571428583E-4      -1.0408340855860843E-16  57.029671196957295
-8.673617379884035E-19    5.974025974026078E-4     -1.0408340855860843E-16  56.436469559009595
-8.673617379884035E-19    6.233766233766334E-4     -1.0408340855860843E-16  55.84326792106196
-8.673617379884035E-19    6.493506493506617E-4     -1.0408340855860843E-16  55.25006628311438
-8.673617379884035E-19    6.753246753246865E-4     -1.0408340855860843E-16  54.65686464516661
-8.673617379884035E-19    7.012987012987122E-4     -1.0408340855860843E-16  54.06366300721905
-8.673617379884035E-19    7.272727272727405E-4     -1.0408340855860843E-16  53.47046136927136
-8.673617379884035E-19    7.532467532467653E-4     -1.0408340855860843E-16  52.967820665381055
-8.673617379884035E-19    7.792207792207909E-4     -1.0408340855860843E-16  52.3875955227374
-8.673617379884035E-19    8.051948051948157E-4     -1.0408340855860843E-16  51.80737038009363
-8.673617379884035E-19    8.31168831168844E-4      -1.0408340855860843E-16  51.40053676941565
-8.673617379884035E-19    8.571428571428697E-4     -1.0408340855860843E-16  50.87887166577197
-8.673617379884035E-19    8.831168831168945E-4     -1.0408340855860843E-16  50.19350234036506
-8.673617379884035E-19    9.090909090909228E-4     -1.0408340855860843E-16  49.696533541717486
-8.673617379884035E-19    9.350649350649476E-4     -1.0408340855860843E-16  49.199564743069686
-8.673617379884035E-19    9.610389610389732E-4     -1.0408340855860843E-16  48.702595944422285
-8.673617379884035E-19    9.870129870130015E-4     -1.0408340855860843E-16  48.20562714577454
-8.673617379884035E-19    0.0010129870129870263    -1.0408340855860843E-16  47.70865834712674
-8.673617379884035E-19    0.001038961038961052     -1.0408340855860843E-16  47.21168954847916
-8.673617379884035E-19    0.0010649350649350768    -1.0408340855860843E-16  46.71472074983137
-8.673617379884035E-19    0.001090909090909105     -1.0408340855860843E-16  46.2177519511838
-8.673617379884035E-19    0.0011168831168831307    -1.0408340855860843E-16  45.72078315253617
-8.673617379884035E-19    0.0011428571428571555    -1.0408340855860843E-16  45.22381435388846
-8.673617379884035E-19    0.0011688311688311838    -1.0408340855860843E-16  44.80455798485806
-8.673617379884035E-19    0.0011948051948052095    -1.0408340855860843E-16  44.34264464675836
-8.673617379884035E-19    0.0012207792207792343    -1.0408340855860843E-16  43.88073130865868
-8.673617379884035E-19    0.0012467532467532625    -1.0408340855860843E-16  43.41881797055893
-8.673617379884035E-19    0.0012727272727272873    -1.0408340855860843E-16  42.94546290110006
-8.673617379884035E-19    0.001298701298701313     -1.0408340855860843E-16  42.41168741691163
-8.673617379884035E-19    0.0013246753246753413    -1.0408340855860843E-16  42.002139808514954
-8.673617379884035E-19    0.001350649350649367     -1.0408340855860843E-16  41.59259220011823
-8.673617379884035E-19    0.0013766233766233918    -1.0408340855860843E-16  41.18732476188978
-8.673617379884035E-19    0.0014025974025974166    -1.0408340855860843E-16  40.77396707008563
-8.673617379884035E-19    0.0014285714285714448    -1.0408340855860843E-16  40.3606093782815
-8.673617379884035E-19    0.0014545454545454696    -1.0408340855860843E-16  39.94725168647757
-8.673617379884035E-19    0.0014805194805194962    -1.0408340855860843E-16  39.53389399467346
-8.673617379884035E-19    0.0015064935064935244    -1.0408340855860843E-16  39.120536302869326
-8.673617379884035E-19    0.0015324675324675492    -1.0408340855860843E-16  38.70717861106523
-8.673617379884035E-19    0.001558441558441574     -1.0408340855860843E-16  38.29382091926112
-8.673617379884035E-19    0.0015844155844156023    -1.0408340855860843E-16  37.88046322745706
-8.673617379884035E-19    0.0016103896103896271    -1.0408340855860843E-16  37.467105535652934
-8.673617379884035E-19    0.0016363636363636537    -1.0408340855860843E-16  37.05374784384895
-8.673617379884035E-19    0.001662337662337681     -1.0408340855860843E-16  36.62460513260649
-8.673617379884035E-19    0.0016883116883117067    -1.0408340855860843E-16  36.35753581723853
-8.673617379884035E-19    0.0017142857142857315    -1.0408340855860843E-16  35.86932921892088
-8.673617379884035E-19    0.0017402597402597563    -1.0408340855860843E-16  35.52184718361866
-8.673617379884035E-19    0.0017662337662337846    -1.0408340855860843E-16  35.190651377534266
-8.673617379884035E-19    0.0017922077922078103    -1.0408340855860843E-16  34.830195698597464
-8.673617379884035E-19    0.001818181818181836     -1.0408340855860843E-16  34.469740019660776
-8.673617379884035E-19    0.0018441558441558642    -1.0408340855860843E-16  34.10928434072395
-8.673617379884035E-19    0.001870129870129889     -1.0408340855860843E-16  33.74882866178733
-8.673617379884035E-19    0.0018961038961039138    -1.0408340855860843E-16  33.388372982850555
-8.673617379884035E-19    0.0019220779220779421    -1.0408340855860843E-16  33.02791730391377
-8.673617379884035E-19    0.001948051948051967     -1.0408340855860843E-16  32.66746162497719
-8.673617379884035E-19    0.0019740259740259935    -1.0408340855860843E-16  32.34180536115167
-8.673617379884035E-19    0.0020000000000000183    -1.0408340855860843E-16  31.9841239555158
-8.673617379884035E-19    0.0020259740259740465    -1.0408340855860843E-16  31.657183431574282
-8.673617379884035E-19    0.0020519480519480713    -1.0408340855860843E-16  31.33015708480591
-8.673617379884035E-19    0.002077922077922096     -1.0408340855860843E-16  31.00313073803754
-8.673617379884035E-19    0.0021038961038961244    -1.0408340855860843E-16  30.676104391269178
-8.673617379884035E-19    0.00212987012987015      -1.0408340855860843E-16  30.345203789545096
-8.673617379884035E-19    0.0021558441558441757    -1.0408340855860843E-16  30.03230686508416
-8.673617379884035E-19    0.002181818181818204     -1.0408340855860843E-16  29.719409940623233
-8.673617379884035E-19    0.002207792207792229     -1.0408340855860843E-16  29.40011129412862
-8.673617379884035E-19    0.0022337662337662536    -1.0408340855860843E-16  29.085531054935558
-8.673617379884035E-19    0.002259740259740282     -1.0408340855860843E-16  28.7709508157425
-8.673617379884035E-19    0.0022857142857143076    -1.0408340855860843E-16  28.45637057654942
-8.673617379884035E-19    0.0023116883116883324    -1.0408340855860843E-16  28.141790337356458
-8.673617379884035E-19    0.002337662337662358     -1.0408340855860843E-16  27.827210098163153
-8.673617379884035E-19    0.0023636363636363863    -1.0408340855860843E-16  27.507541209154137
-8.673617379884035E-19    0.002389610389610411     -1.0408340855860843E-16  27.23103953949017
-8.673617379884035E-19    0.002415584415584437     -1.0408340855860843E-16  26.954537869826282
-8.673617379884035E-19    0.002441558441558465     -1.0408340855860843E-16  26.678036200162264
-8.673617379884035E-19    0.00246753246753249      -1.0408340855860843E-16  26.401534530498324
-8.673617379884035E-19    0.0024935064935065155    -1.0408340855860843E-16  26.125032860834395
-8.673617379884035E-19    0.002519480519480543     -1.0408340855860843E-16  25.848531191170473
-8.673617379884035E-19    0.0025454545454545686    -1.0408340855860843E-16  25.572029521506494
-8.673617379884035E-19    0.0025714285714285943    -1.0408340855860843E-16  25.290860794067797
-8.673617379884035E-19    0.002597402597402619     -1.0408340855860843E-16  25.011134278490196
-8.673617379884035E-19    0.0026233766233766474    -1.0408340855860843E-16  24.731407762912617
-8.673617379884035E-19    0.002649350649350673     -1.0408340855860843E-16  24.51802063856333
-8.673617379884035E-19    0.002675324675324698     -1.0408340855860843E-16  24.217641869545453
-8.673617379884035E-19    0.002701298701298727     -1.0408340855860843E-16  23.944576267342345
-8.673617379884035E-19    0.002727272727272751     -1.0408340855860843E-16  23.67151066513933
-8.673617379884035E-19    0.0027532467532467766    -1.0408340855860843E-16  23.3692603997697
-8.673617379884035E-19    0.002779220779220804     -1.0408340855860843E-16  23.128267038723408
-8.673617379884035E-19    0.0028051948051948297    -1.0408340855860843E-16  22.88560550060953
-8.673617379884035E-19    0.002831168831168856     -1.0408340855860843E-16  22.63703381221944
-8.673617379884035E-19    0.0028571428571428827    -1.0408340855860843E-16  22.388462123829385
-8.673617379884035E-19    0.0028831168831169093    -1.0408340855860843E-16  22.136574391302204
-8.673617379884035E-19    0.002909090909090933     -1.0408340855860843E-16  21.885856378290793
-8.673617379884035E-19    0.002935064935064959     -1.0408340855860843E-16  21.635138365279424
-8.673617379884035E-19    0.0029610389610389863    -1.0408340855860843E-16  21.384420352268098
-8.673617379884035E-19    0.002987012987013012     -1.0408340855860843E-16  21.133702339256676
-8.673617379884035E-19    0.0030129870129870385    -1.0408340855860843E-16  20.882984326245335
-8.673617379884035E-19    0.003038961038961066     -1.0408340855860843E-16  20.632266313233924
-8.673617379884035E-19    0.0030649350649350916    -1.0408340855860843E-16  20.39103798528992
-8.673617379884035E-19    0.0030909090909091155    -1.0408340855860843E-16  20.164402847993486
-8.673617379884035E-19    0.0031168831168831446    -1.0408340855860843E-16  19.93776771069702
-8.673617379884035E-19    0.0031428571428571703    -1.0408340855860843E-16  19.71113257340064
-8.673617379884035E-19    0.0031688311688311942    -1.0408340855860843E-16  19.48449743610421
-8.673617379884035E-19    0.0031948051948052208    -1.0408340855860843E-16  19.257862298807837
-8.673617379884035E-19    0.003220779220779248     -1.0408340855860843E-16  19.031227161511403
-8.673617379884035E-19    0.003246753246753274     -1.0408340855860843E-16  18.80459202421496
-8.673617379884035E-19    0.0032727272727272995    -1.0408340855860843E-16  18.576731594982036
-8.673617379884035E-19    0.003298701298701327     -1.0408340855860843E-16  18.34855318767913
-8.673617379884035E-19    0.0033246753246753526    -1.0408340855860843E-16  18.120374780376416
-8.673617379884035E-19    0.0033506493506493774    -1.0408340855860843E-16  17.92701390093369
-8.673617379884035E-19    0.0033766233766234057    -1.0408340855860843E-16  17.676165650870814
-8.673617379884035E-19    0.0034025974025974305    -1.0408340855860843E-16  17.467256407439322
-8.673617379884035E-19    0.003428571428571456     -1.0408340855860843E-16  17.247014341447056
-8.673617379884035E-19    0.0034545454545454853    -1.0408340855860843E-16  17.038271494412275
-8.673617379884035E-19    0.0034805194805195092    -1.0408340855860843E-16  16.829528647377447
-8.673617379884035E-19    0.003506493506493535     -1.0408340855860843E-16  16.620785800342638
-8.673617379884035E-19    0.0035324675324675597    -1.0408340855860843E-16  16.41204295330784
-8.673617379884035E-19    0.003558441558441589     -1.0408340855860843E-16  16.203300106273062
-8.673617379884035E-19    0.0035844155844156145    -1.0408340855860843E-16  15.994557259238272
-8.673617379884035E-19    0.0036103896103896384    -1.0408340855860843E-16  15.78581441220345
-8.673617379884035E-19    0.0036363636363636676    -1.0408340855860843E-16  15.577071565168652
-8.673617379884035E-19    0.0036623376623376915    -1.0408340855860843E-16  15.368328718133881
-8.673617379884035E-19    0.003688311688311718     -1.0408340855860843E-16  15.159585871099061
-8.673617379884035E-19    0.0037142857142857446    -1.0408340855860843E-16  14.950843024064248
-8.673617379884035E-19    0.003740259740259771     -1.0408340855860843E-16  14.742100177029457
-8.673617379884035E-19    0.003766233766233797     -1.0408340855860843E-16  14.566256773216047
-8.673617379884035E-19    0.0037922077922078207    -1.0408340855860843E-16  14.37451364012554
-8.673617379884035E-19    0.00381818181818185      -1.0408340855860843E-16  14.182770507035007
-8.673617379884035E-19    0.003844155844155874     -1.0408340855860843E-16  13.992929715173041
-8.673617379884035E-19    0.0038701298701299004    -1.0408340855860843E-16  13.799952533884667
-8.673617379884035E-19    0.0038961038961039278    -1.0408340855860843E-16  13.606975352596274
-8.673617379884035E-19    0.003922077922077953     -1.0408340855860843E-16  13.428751847857441
-8.673617379884035E-19    0.003948051948051979     -1.0408340855860843E-16  13.231719311857127
-8.673617379884035E-19    0.0039740259740260065    -1.0408340855860843E-16  13.044511099785067
-8.673617379884035E-19    0.004000000000000032     -1.0408340855860843E-16  12.857302887713027
-8.673617379884035E-19    0.004025974025974056     -1.0408340855860843E-16  12.670094675640994
-8.673617379884035E-19    0.004051948051948085     -1.0408340855860843E-16  12.48288646356892
-8.673617379884035E-19    0.004077922077922112     -1.0408340855860843E-16  12.295678251496868
-8.673617379884035E-19    0.004103896103896136     -1.0408340855860843E-16  12.09997765007719
-8.673617379884035E-19    0.004129870129870161     -1.0408340855860843E-16  11.928201109538449
-8.673617379884035E-19    0.004155844155844189     -1.0408340855860843E-16  11.756424568999659
-8.673617379884035E-19    0.0041818181818182145    -1.0408340855860843E-16  11.584648028460881
-8.673617379884035E-19    0.004207792207792241     -1.0408340855860843E-16  11.41287148792211
-8.673617379884035E-19    0.0042337662337662675    -1.0408340855860843E-16  11.241094947383349
-8.673617379884035E-19    0.004259740259740294     -1.0408340855860843E-16  11.069318406844566
-8.673617379884035E-19    0.004285714285714318     -1.0408340855860843E-16  10.897541866305822
-8.673617379884035E-19    0.004311688311688347     -1.0408340855860843E-16  10.725765325767
-8.673617379884035E-19    0.004337662337662371     -1.0408340855860843E-16  10.553988785228228
-8.673617379884035E-19    0.004363636363636397     -1.0408340855860843E-16  10.413993459887706
-8.673617379884035E-19    0.004389610389610423     -1.0408340855860843E-16  10.2482011787151
-8.673617379884035E-19    0.004415584415584451     -1.0408340855860843E-16  10.087690195941178
-8.673617379884035E-19    0.004441558441558476     -1.0408340855860843E-16  9.898176551921136
-8.673617379884035E-19    0.0044675324675325       -1.0408340855860843E-16  9.7483935446228
-8.673617379884035E-19    0.0044935064935065295    -1.0408340855860843E-16  9.598739077385318
-8.673617379884035E-19    0.004519480519480555     -1.0408340855860843E-16  9.447024511241402
-8.673617379884035E-19    0.00454545454545458      -1.0408340855860843E-16  9.294683478375909
-8.673617379884035E-19    0.004571428571428608     -1.0408340855860843E-16  9.141160848273955
-8.673617379884035E-19    0.004597402597402633     -1.0408340855860843E-16  8.987638218172025
-8.673617379884035E-19    0.004623376623376659     -1.0408340855860843E-16  8.834115588070118
-8.673617379884035E-19    0.004649350649350686     -1.0408340855860843E-16  8.680592957968159
-8.673617379884035E-19    0.004675324675324712     -1.0408340855860843E-16  8.527070327866209
-8.673617379884035E-19    0.004701298701298737     -1.0408340855860843E-16  8.373547697764288
-8.673617379884035E-19    0.004727272727272762     -1.0408340855860843E-16  8.259909083670474
-8.673617379884035E-19    0.004753246753246791     -1.0408340855860843E-16  8.100596996862448
-8.673617379884035E-19    0.004779220779220815     -1.0408340855860843E-16  7.966475991104961
-8.673617379884035E-19    0.004805194805194841     -1.0408340855860843E-16  7.832354985347491
-8.673617379884035E-19    0.004831168831168868     -1.0408340855860843E-16  7.698233979589979
-8.673617379884035E-19    0.004857142857142894     -1.0408340855860843E-16  7.564112973832533
-8.673617379884035E-19    0.00488311688311692      -1.0408340855860843E-16  7.429991968075036
-8.673617379884035E-19    0.004909090909090947     -1.0408340855860843E-16  7.295870962317535
-8.673617379884035E-19    0.004935064935064974     -1.0408340855860843E-16  7.16174995656006
-8.673617379884035E-19    0.004961038961038998     -1.0408340855860843E-16  7.0276289508025815
-8.673617379884035E-19    0.004987012987013027     -1.0408340855860843E-16  6.9299937619750605
-8.673617379884035E-19    0.005012987012987052     -1.0408340855860843E-16  6.802185195305444
-8.673617379884035E-19    0.005038961038961076     -1.0408340855860843E-16  6.674376628635827
-8.673617379884035E-19    0.005064935064935103     -1.0408340855860843E-16  6.549417624364699
-8.673617379884035E-19    0.005090909090909129     -1.0408340855860843E-16  6.435834714429919
-8.673617379884035E-19    0.005116883116883156     -1.0408340855860843E-16  6.322251804495152
-8.673617379884035E-19    0.005142857142857182     -1.0408340855860843E-16  6.208668894560407
-8.673617379884035E-19    0.005168831168831209     -1.0408340855860843E-16  6.0756830566925215
-8.673617379884035E-19    0.005194805194805235     -1.0408340855860843E-16  5.971239286855744
-8.673617379884035E-19    0.0052207792207792595    -1.0408340855860843E-16  5.8698986539512825
-8.673617379884035E-19    0.005246753246753288     -1.0408340855860843E-16  5.763173894126577
-8.673617379884035E-19    0.005272727272727313     -1.0408340855860843E-16  5.656449134301895
-8.673617379884035E-19    0.005298701298701338     -1.0408340855860843E-16  5.549724374477214
-8.673617379884035E-19    0.005324675324675364     -1.0408340855860843E-16  5.442999614652544
-8.673617379884035E-19    0.005350649350649391     -1.0408340855860843E-16  5.33627485482784
-8.673617379884035E-19    0.005376623376623417     -1.0408340855860843E-16  5.2295500950031615
-8.673617379884035E-19    0.005402597402597442     -1.0408340855860843E-16  5.158815345114675
-8.673617379884035E-19    0.00542857142857147      -1.0408340855860843E-16  5.029712237072909
-8.673617379884035E-19    0.005454545454545497     -1.0408340855860843E-16  4.952865876182923
-8.673617379884035E-19    0.0054805194805195205    -1.0408340855860843E-16  4.867229709898584
-8.673617379884035E-19    0.00550649350649355      -1.0408340855860843E-16  4.781593543614225
-8.673617379884035E-19    0.005532467532467574     -1.0408340855860843E-16  4.695957377329881
-8.673617379884035E-19    0.005558441558441599     -1.0408340855860843E-16  4.600529535238204
-8.673617379884035E-19    0.0055844155844156276    -1.0408340855860843E-16  4.513441899428322
-8.673617379884035E-19    0.005610389610389652     -1.0408340855860843E-16  4.426354263618452
-8.673617379884035E-19    0.005636363636363679     -1.0408340855860843E-16  4.3392666278085725
-8.673617379884035E-19    0.005662337662337703     -1.0408340855860843E-16  4.252178991998704
-8.673617379884035E-19    0.005688311688311732     -1.0408340855860843E-16  4.16509135618882
-8.673617379884035E-19    0.005714285714285756     -1.0408340855860843E-16  4.078003720378952
-8.673617379884035E-19    0.005740259740259782     -1.0408340855860843E-16  3.9909160845690757
-8.673617379884035E-19    0.00576623376623381      -1.0408340855860843E-16  3.903828448759194
-8.673617379884035E-19    0.005792207792207835     -1.0408340855860843E-16  3.816740812949334
-8.673617379884035E-19    0.005818181818181861     -1.0408340855860843E-16  3.7694749228304136
-8.673617379884035E-19    0.005844155844155889     -1.0408340855860843E-16  3.704008401370091
-8.673617379884035E-19    0.005870129870129914     -1.0408340855860843E-16  3.6385418799097744
-8.673617379884035E-19    0.005896103896103939     -1.0408340855860843E-16  3.57307535844944
-8.673617379884035E-19    0.005922077922077964     -1.0408340855860843E-16  3.5076088369891245
-8.673617379884035E-19    0.005948051948051994     -1.0408340855860843E-16  3.4421423155287982
-8.673617379884035E-19    0.005974025974026017     -1.0408340855860843E-16  3.3766757940684684
-8.673617379884035E-19    0.0060000000000000435    -1.0408340855860843E-16  3.3159054059200246
-8.673617379884035E-19    0.006025974025974071     -1.0408340855860843E-16  3.2510892368048747
-8.673617379884035E-19    0.006051948051948097     -1.0408340855860843E-16  3.1796717793549654
-8.673617379884035E-19    0.006077922077922123     -1.0408340855860843E-16  3.121154045012581
-8.673617379884035E-19    0.00610389610389615      -1.0408340855860843E-16  3.062636310670193
-8.673617379884035E-19    0.006129870129870176     -1.0408340855860843E-16  3.002164264413501
-8.673617379884035E-19    0.0061558441558442       -1.0408340855860843E-16  2.9418985358746044
-8.673617379884035E-19    0.006181818181818229     -1.0408340855860843E-16  2.8816328073356896
-8.673617379884035E-19    0.006207792207792253     -1.0408340855860843E-16  2.821367078796792
-8.673617379884035E-19    0.006233766233766279     -1.0408340855860843E-16  2.761101350257885
-8.673617379884035E-19    0.006259740259740305     -1.0408340855860843E-16  2.7015515723662133
-8.673617379884035E-19    0.006285714285714332     -1.0408340855860843E-16  2.656533223937557
-8.673617379884035E-19    0.0063116883116883585    -1.0408340855860843E-16  2.6115148755088935
-8.673617379884035E-19    0.006337662337662382     -1.0408340855860843E-16  2.5664965270802433
-8.673617379884035E-19    0.0063636363636364116    -1.0408340855860843E-16  2.521478178651588
-8.673617379884035E-19    0.006389610389610437     -1.0408340855860843E-16  2.4764598302229324
-8.673617379884035E-19    0.006415584415584461     -1.0408340855860843E-16  2.43144148179428
-8.673617379884035E-19    0.006441558441558491     -1.0408340855860843E-16  2.386423133365615
-8.673617379884035E-19    0.006467532467532514     -1.0408340855860843E-16  2.3414047849369686
-8.673617379884035E-19    0.006493506493506541     -1.0408340855860843E-16  2.2963864365083113
-8.673617379884035E-19    0.0065194805194805664    -1.0408340855860843E-16  2.2513680880796567
-8.673617379884035E-19    0.006545454545454594     -1.0408340855860843E-16  2.208718626350156
-8.673617379884035E-19    0.0065714285714286195    -1.0408340855860843E-16  2.164470724297883
-8.673617379884035E-19    0.0065974025974026435    -1.0408340855860843E-16  2.120222822245614
-8.673617379884035E-19    0.0066233766233766735    -1.0408340855860843E-16  2.075974920193339
-8.673617379884035E-19    0.0066493506493506965    -1.0408340855860843E-16  2.0365351448368116
-8.673617379884035E-19    0.006675324675324723     -1.0408340855860843E-16  1.9963478536494277
-8.673617379884035E-19    0.0067012987012987505    -1.0408340855860843E-16  1.962856752032903
-8.673617379884035E-19    0.006727272727272776     -1.0408340855860843E-16  1.929365650416396
-8.673617379884035E-19    0.006753246753246803     -1.0408340855860843E-16  1.895874548799882
-8.673617379884035E-19    0.006779220779220829     -1.0408340855860843E-16  1.861335577768516
-8.673617379884035E-19    0.006805194805194856     -1.0408340855860843E-16  1.8267977607152224
-8.673617379884035E-19    0.006831168831168879     -1.0408340855860843E-16  1.7922599436619355
-8.673617379884035E-19    0.006857142857142905     -1.0408340855860843E-16  1.7577221266086458
-8.673617379884035E-19    0.0068831168831169345    -1.0408340855860843E-16  1.7231843095553483
-8.673617379884035E-19    0.0069090909090909584    -1.0408340855860843E-16  1.6886464925020612
-8.673617379884035E-19    0.006935064935064985     -1.0408340855860843E-16  1.6541086754487657
-8.673617379884035E-19    0.0069610389610390115    -1.0408340855860843E-16  1.6195708583954795
-8.673617379884035E-19    0.006987012987013038     -1.0408340855860843E-16  1.595915994134419
-8.673617379884035E-19    0.007012987012987064     -1.0408340855860843E-16  1.568153924360532
-8.673617379884035E-19    0.007038961038961091     -1.0408340855860843E-16  1.5403918545866366
-8.673617379884035E-19    0.007064935064935117     -1.0408340855860843E-16  1.5126297848127397
-8.673617379884035E-19    0.007090909090909141     -1.0408340855860843E-16  1.48362890122552
-8.673617379884035E-19    0.007116883116883167     -1.0408340855860843E-16  1.4582272598337
-8.673617379884035E-19    0.007142857142857194     -1.0408340855860843E-16  1.4328256184418815
-8.673617379884035E-19    0.00716883116883122      -1.0408340855860843E-16  1.407423977050063
-8.673617379884035E-19    0.007194805194805246     -1.0408340855860843E-16  1.3820223356582493
-8.673617379884035E-19    0.007220779220779273     -1.0408340855860843E-16  1.3566206942664318
-8.673617379884035E-19    0.007246753246753299     -1.0408340855860843E-16  1.3312190528746175
-8.673617379884035E-19    0.007272727272727323     -1.0408340855860843E-16  1.3066560624116326
-8.673617379884035E-19    0.007298701298701353     -1.0408340855860843E-16  1.2840178379371023
-8.673617379884035E-19    0.007324675324675378     -1.0408340855860843E-16  1.262258017675408
-8.673617379884035E-19    0.007350649350649403     -1.0408340855860843E-16  1.2397599169961184
-8.673617379884035E-19    0.007376623376623431     -1.0408340855860843E-16  1.2172618163168258
-8.673617379884035E-19    0.007402597402597456     -1.0408340855860843E-16  1.1947637156375321
-8.673617379884035E-19    0.007428571428571481     -1.0408340855860843E-16  1.1722656149582416
-8.673617379884035E-19    0.007454545454545507     -1.0408340855860843E-16  1.1497675142789463
-8.673617379884035E-19    0.007480519480519535     -1.0408340855860843E-16  1.1321762119471233
-8.673617379884035E-19    0.00750649350649356      -1.0408340855860843E-16  1.1131886786564222
-8.673617379884035E-19    0.007532467532467585     -1.0408340855860843E-16  1.0942011453657168
-8.673617379884035E-19    0.007558441558441614     -1.0408340855860843E-16  1.07521361207501
-8.673617379884035E-19    0.007584415584415638     -1.0408340855860843E-16  1.0575967391619527
-8.673617379884035E-19    0.0076103896103896645    -1.0408340855860843E-16  1.0391380720066206
-8.673617379884035E-19    0.007636363636363691     -1.0408340855860843E-16  1.0206794048512822
-8.673617379884035E-19    0.007662337662337718     -1.0408340855860843E-16  0.9971035749394183
-8.673617379884035E-19    0.007688311688311742     -1.0408340855860843E-16  0.9812758779488179
-8.673617379884035E-19    0.007714285714285767     -1.0408340855860843E-16  0.9654481809582127
-8.673617379884035E-19    0.007740259740259796     -1.0408340855860843E-16  0.9496204839676062
-8.673617379884035E-19    0.00776623376623382      -1.0408340855860843E-16  0.9337927869770043
-8.673617379884035E-19    0.007792207792207847     -1.0408340855860843E-16  0.9179650899864017
-8.673617379884035E-19    0.007818181818181875     -1.0408340855860843E-16  0.9021373929957948
-8.673617379884035E-19    0.0078441558441559       -1.0408340855860843E-16  0.8898230840134786
-8.673617379884035E-19    0.007870129870129926     -1.0408340855860843E-16  0.874789049099145
-8.673617379884035E-19    0.007896103896103953     -1.0408340855860843E-16  0.8597550141848114
-8.673617379884035E-19    0.00792207792207798      -1.0408340855860843E-16  0.8436378998014424
-8.673617379884035E-19    0.007948051948052004     -1.0408340855860843E-16  0.830171408010044
-8.673617379884035E-19    0.007974025974026033     -1.0408340855860843E-16  0.8167049162186415
-8.673617379884035E-19    0.008000000000000057     -1.0408340855860843E-16  0.8032384244272405
-8.673617379884035E-19    0.008025974025974082     -1.0408340855860843E-16  0.789771932635843
-8.673617379884035E-19    0.008051948051948109     -1.0408340855860843E-16  0.7763054408444412
-8.673617379884035E-19    0.008077922077922135     -1.0408340855860843E-16  0.759763116579444
-8.673617379884035E-19    0.008103896103896162     -1.0408340855860843E-16  0.7487125843742315
-8.673617379884035E-19    0.008129870129870187     -1.0408340855860843E-16  0.7376620521690175
-8.673617379884035E-19    0.008155844155844215     -1.0408340855860843E-16  0.7266115199638047
-8.673617379884035E-19    0.00818181818181824      -1.0408340855860843E-16  0.7155609877585933
-8.673617379884035E-19    0.008207792207792265     -1.0408340855860843E-16  0.7045104555533814
-8.673617379884035E-19    0.008233766233766293     -1.0408340855860843E-16  0.6934599233481675
-8.673617379884035E-19    0.00825974025974032      -1.0408340855860843E-16  0.682409391142955
-8.673617379884035E-19    0.008285714285714344     -1.0408340855860843E-16  0.6713588589377422
-8.673617379884035E-19    0.008311688311688372     -1.0408340855860843E-16  0.6603048358113421
-8.673617379884035E-19    0.008337662337662397     -1.0408340855860843E-16  0.6492387157970463
-8.673617379884035E-19    0.008363636363636422     -1.0408340855860843E-16  0.639543388034699
-8.673617379884035E-19    0.008389610389610449     -1.0408340855860843E-16  0.6282852138696562
-8.673617379884035E-19    0.008415584415584477     -1.0408340855860843E-16  0.6170270397046084
-8.673617379884035E-19    0.008441558441558502     -1.0408340855860843E-16  0.6112968710894551
-8.673617379884035E-19    0.008467532467532526     -1.0408340855860843E-16  0.5968810262010978
-8.673617379884035E-19    0.008493506493506555     -1.0408340855860843E-16  0.5887231926285502
-8.673617379884035E-19    0.00851948051948058      -1.0408340855860843E-16  0.5805653590560064
-8.673617379884035E-19    0.008545454545454604     -1.0408340855860843E-16  0.5724075254834604
-8.673617379884035E-19    0.008571428571428633     -1.0408340855860843E-16  0.5642496919109158
-8.673617379884035E-19    0.008597402597402659     -1.0408340855860843E-16  0.5560918583383713
-8.673617379884035E-19    0.008623376623376684     -1.0408340855860843E-16  0.5474699064800892
-8.673617379884035E-19    0.008649350649350709     -1.0408340855860843E-16  0.5391822107566998
-8.673617379884035E-19    0.008675324675324737     -1.0408340855860843E-16  0.5308945150333101
-8.673617379884035E-19    0.008701298701298762     -1.0408340855860843E-16  0.5219811282354563
-8.673617379884035E-19    0.008727272727272788     -1.0408340855860843E-16  0.5132620091921869
-8.673617379884035E-19    0.008753246753246817     -1.0408340855860843E-16  0.5045428901489184
-8.673617379884035E-19    0.008779220779220841     -1.0408340855860843E-16  0.495823771105648
-8.673617379884035E-19    0.008805194805194866     -1.0408340855860843E-16  0.48710465206238246
-8.673617379884035E-19    0.008831168831168894     -1.0408340855860843E-16  0.4832571845779745
-8.673617379884035E-19    0.00885714285714292      -1.0408340855860843E-16  0.47720769337417623
-8.673617379884035E-19    0.008883116883116946     -1.0408340855860843E-16  0.4702021592603387
-8.673617379884035E-19    0.008909090909090972     -1.0408340855860843E-16  0.4650525110657575
-8.673617379884035E-19    0.008935064935064999     -1.0408340855860843E-16  0.4558925848492701
-8.673617379884035E-19    0.008961038961039024     -1.0408340855860843E-16  0.4482209500017816
-8.673617379884035E-19    0.008987012987013049     -1.0408340855860843E-16  0.44237352274720965
-8.673617379884035E-19    0.009012987012987077     -1.0408340855860843E-16  0.4365260954926355
-8.673617379884035E-19    0.009038961038961102     -1.0408340855860843E-16  0.430678668238065
-8.673617379884035E-19    0.009064935064935128     -1.0408340855860843E-16  0.4248312409834931
-8.673617379884035E-19    0.009090909090909155     -1.0408340855860843E-16  0.41898381372892046
-8.673617379884035E-19    0.009116883116883181     -1.0408340855860843E-16  0.4131918033569747
-8.673617379884035E-19    0.009142857142857206     -1.0408340855860843E-16  0.40700480907780545
-8.673617379884035E-19    0.009168831168831234     -1.0408340855860843E-16  0.4008178147986361
-8.673617379884035E-19    0.00919480519480526      -1.0408340855860843E-16  0.39463082051946746
-8.673617379884035E-19    0.009220779220779284     -1.0408340855860843E-16  0.3884438262402981
-8.673617379884035E-19    0.00924675324675331      -1.0408340855860843E-16  0.38225683196112836
-8.673617379884035E-19    0.009272727272727337     -1.0408340855860843E-16  0.37606983768195934
-8.673617379884035E-19    0.009298701298701363     -1.0408340855860843E-16  0.37210135912883846
-8.673617379884035E-19    0.00932467532467539      -1.0408340855860843E-16  0.3676012348798143
-8.673617379884035E-19    0.009350649350649417     -1.0408340855860843E-16  0.3631011106307894
-8.673617379884035E-19    0.009376623376623443     -1.0408340855860843E-16  0.3586009863817644
-8.673617379884035E-19    0.009402597402597466     -1.0408340855860843E-16  0.3541008621327396
-8.673617379884035E-19    0.009428571428571496     -1.0408340855860843E-16  0.34950985627945386
-8.673617379884035E-19    0.009454545454545521     -1.0408340855860843E-16  0.3447582093422945
-8.673617379884035E-19    0.009480519480519546     -1.0408340855860843E-16  0.33976426102467805
-8.673617379884035E-19    0.009506493506493574     -1.0408340855860843E-16  0.3351362484181567
-8.673617379884035E-19    0.009532467532467599     -1.0408340855860843E-16  0.3305082358116351
-8.673617379884035E-19    0.009558441558441625     -1.0408340855860843E-16  0.3258802232051138
-8.673617379884035E-19    0.009584415584415648     -1.0408340855860843E-16  0.32125221059859266
-8.673617379884035E-19    0.009610389610389678     -1.0408340855860843E-16  0.3166241979920694
-8.673617379884035E-19    0.009636363636363703     -1.0408340855860843E-16  0.31277642398339545
-8.673617379884035E-19    0.009662337662337728     -1.0408340855860843E-16  0.3091050796500248
-8.673617379884035E-19    0.009688311688311758     -1.0408340855860843E-16  0.30543373531665363
-8.673617379884035E-19    0.009714285714285781     -1.0408340855860843E-16  0.30176239098328234
-8.673617379884035E-19    0.009740259740259808     -1.0408340855860843E-16  0.2980910466499117
-8.673617379884035E-19    0.009766233766233834     -1.0408340855860843E-16  0.29441970231654024
-8.673617379884035E-19    0.00979220779220786      -1.0408340855860843E-16  0.290748357983169
-8.673617379884035E-19    0.009818181818181886     -1.0408340855860843E-16  0.2870770136497988
-8.673617379884035E-19    0.00984415584415591      -1.0408340855860843E-16  0.28340566931642736
-8.673617379884035E-19    0.00987012987012994      -1.0408340855860843E-16  0.279734324983056
-8.673617379884035E-19    0.009896103896103963     -1.0408340855860843E-16  0.27606298064968493
-8.673617379884035E-19    0.00992207792207799      -1.0408340855860843E-16  0.27212593426492987
-8.673617379884035E-19    0.009948051948052017     -1.0408340855860843E-16  0.26835243126648484
-8.673617379884035E-19    0.009974025974026043     -1.0408340855860843E-16  0.26523098041359966
-8.673617379884035E-19    0.01000000000000007      -1.0408340855860843E-16  0.2624075781480245
-8.673617379884035E-19    0.010025974025974096     -1.0408340855860843E-16  0.2595841758824496
-8.673617379884035E-19    0.010051948051948123     -1.0408340855860843E-16  0.2567607736168743
-8.673617379884035E-19    0.010077922077922146     -1.0408340855860843E-16  0.2539545229673662
-8.673617379884035E-19    0.010103896103896176     -1.0408340855860843E-16  0.25109691037510545
-8.673617379884035E-19    0.0101298701298702       -1.0408340855860843E-16  0.2482392977828457
-8.673617379884035E-19    0.010155844155844225     -1.0408340855860843E-16  0.24538168519058645
-8.673617379884035E-19    0.010181818181818252     -1.0408340855860843E-16  0.24252407259832798
-8.673617379884035E-19    0.010207792207792278     -1.0408340855860843E-16  0.23966646000606873
-8.673617379884035E-19    0.010233766233766305     -1.0408340855860843E-16  0.23707335798354623
-8.673617379884035E-19    0.01025974025974033      -1.0408340855860843E-16  0.2342042431155928
-8.673617379884035E-19    0.010285714285714358     -1.0408340855860843E-16  0.23155528493083707
-8.673617379884035E-19    0.010311688311688383     -1.0408340855860843E-16  0.22891808849533782
-8.673617379884035E-19    0.010337662337662408     -1.0408340855860843E-16  0.22682073699556193
-8.673617379884035E-19    0.010363636363636436     -1.0408340855860843E-16  0.22307444506362914
-8.673617379884035E-19    0.01038961038961046      -1.0408340855860843E-16  0.22099834621148248
-8.673617379884035E-19    0.010415584415584487     -1.0408340855860843E-16  0.21903248161682143
-8.673617379884035E-19    0.010441558441558512     -1.0408340855860843E-16  0.21686701261344865
-8.673617379884035E-19    0.01046753246753254      -1.0408340855860843E-16  0.21470154361007543
-8.673617379884035E-19    0.010493506493506565     -1.0408340855860843E-16  0.21261627978466363
-8.673617379884035E-19    0.01051948051948059      -1.0408340855860843E-16  0.21035932197296942
-8.673617379884035E-19    0.01054545454545462      -1.0408340855860843E-16  0.20810236416127414
-8.673617379884035E-19    0.010571428571428643     -1.0408340855860843E-16  0.20584540634957915
-8.673617379884035E-19    0.01059740259740267      -1.0408340855860843E-16  0.2035884485378841
-8.673617379884035E-19    0.010623376623376698     -1.0408340855860843E-16  0.2013314907261892
-8.673617379884035E-19    0.010649350649350723     -1.0408340855860843E-16  0.1990745329144946
-8.673617379884035E-19    0.010675324675324747     -1.0408340855860843E-16  0.19681757510280018
-8.673617379884035E-19    0.010701298701298776     -1.0408340855860843E-16  0.19456061729110574
-8.673617379884035E-19    0.010727272727272802     -1.0408340855860843E-16  0.19297258211394186
-8.673617379884035E-19    0.010753246753246827     -1.0408340855860843E-16  0.19129490162316531
-8.673617379884035E-19    0.010779220779220852     -1.0408340855860843E-16  0.18961722113238832
-8.673617379884035E-19    0.01080519480519488      -1.0408340855860843E-16  0.18793954064161184
-8.673617379884035E-19    0.010831168831168905     -1.0408340855860843E-16  0.18626186015083496
-8.673617379884035E-19    0.010857142857142931     -1.0408340855860843E-16  0.18458417966005847
-8.673617379884035E-19    0.010883116883116958     -1.0408340855860843E-16  0.18290649916928148
-8.673617379884035E-19    0.010909090909090985     -1.0408340855860843E-16  0.18129205530190573
-8.673617379884035E-19    0.01093506493506501      -1.0408340855860843E-16  0.17957437152296163
-8.673617379884035E-19    0.010961038961039038     -1.0408340855860843E-16  0.17785668774401764
-8.673617379884035E-19    0.010987012987013062     -1.0408340855860843E-16  0.1761390039650739
-8.673617379884035E-19    0.011012987012987087     -1.0408340855860843E-16  0.1747146619026814
-8.673617379884035E-19    0.011038961038961114     -1.0408340855860843E-16  0.17302979457352213
-8.673617379884035E-19    0.011064935064935142     -1.0408340855860843E-16  0.171565053066295
-8.673617379884035E-19    0.011090909090909167     -1.0408340855860843E-16  0.1702298689400527
-8.673617379884035E-19    0.011116883116883192     -1.0408340855860843E-16  0.16889468481381043
-8.673617379884035E-19    0.01114285714285722      -1.0408340855860843E-16  0.166970290363112
-8.673617379884035E-19    0.011168831168831245     -1.0408340855860843E-16  0.1656948505781099
-8.673617379884035E-19    0.011194805194805271     -1.0408340855860843E-16  0.1644194107931074
-8.673617379884035E-19    0.011220779220779298     -1.0408340855860843E-16  0.16314397100810504
-8.673617379884035E-19    0.011246753246753324     -1.0408340855860843E-16  0.1618685312231026
-8.673617379884035E-19    0.011272727272727349     -1.0408340855860843E-16  0.16059309143810035
-8.673617379884035E-19    0.011298701298701377     -1.0408340855860843E-16  0.15931765165309736
-8.673617379884035E-19    0.011324675324675402     -1.0408340855860843E-16  0.15804221186809486
-8.673617379884035E-19    0.011350649350649427     -1.0408340855860843E-16  0.1567682078616971
-8.673617379884035E-19    0.011376623376623454     -1.0408340855860843E-16  0.15587167965902454
-8.673617379884035E-19    0.011402597402597482     -1.0408340855860843E-16  0.15468005838734417
-8.673617379884035E-19    0.011428571428571507     -1.0408340855860843E-16  0.1534810136936291
-8.673617379884035E-19    0.011454545454545531     -1.0408340855860843E-16  0.15233438408927563
-8.673617379884035E-19    0.01148051948051956      -1.0408340855860843E-16  0.15114137006608908
-8.673617379884035E-19    0.011506493506493585     -1.0408340855860843E-16  0.15017598622628042
-8.673617379884035E-19    0.011532467532467611     -1.0408340855860843E-16  0.14921060238647196
-8.673617379884035E-19    0.01155844155844164      -1.0408340855860843E-16  0.14824521854666323
-8.673617379884035E-19    0.011584415584415664     -1.0408340855860843E-16  0.14727983470685446
-8.673617379884035E-19    0.011610389610389689     -1.0408340855860843E-16  0.146314450867046
-8.673617379884035E-19    0.011636363636363717     -1.0408340855860843E-16  0.1453490670272372
-8.673617379884035E-19    0.011662337662337742     -1.0408340855860843E-16  0.14434178738722864
-8.673617379884035E-19    0.011688311688311769     -1.0408340855860843E-16  0.1433659812649397
-8.673617379884035E-19    0.011714285714285793     -1.0408340855860843E-16  0.14239017514265068
-8.673617379884035E-19    0.011740259740259822     -1.0408340855860843E-16  0.14150449765753548
-8.673617379884035E-19    0.011766233766233846     -1.0408340855860843E-16  0.14077174200072212
-8.673617379884035E-19    0.011792207792207871     -1.0408340855860843E-16  0.14003898634390805
-8.673617379884035E-19    0.0118181818181819       -1.0408340855860843E-16  0.13930623068709436
-8.673617379884035E-19    0.011844155844155924     -1.0408340855860843E-16  0.1385734750302809
-8.673617379884035E-19    0.01187012987012995      -1.0408340855860843E-16  0.13784071937346715
-8.673617379884035E-19    0.011896103896103977     -1.0408340855860843E-16  0.1371842562518465
-8.673617379884035E-19    0.011922077922078004     -1.0408340855860843E-16  0.136396265686332
-8.673617379884035E-19    0.011948051948052029     -1.0408340855860843E-16  0.13565530027412626
-8.673617379884035E-19    0.011974025974026054     -1.0408340855860843E-16  0.13491433486192064
-8.673617379884035E-19    0.012000000000000082     -1.0408340855860843E-16  0.13417336944971478
-8.673617379884035E-19    0.012025974025974107     -1.0408340855860843E-16  0.13343240403750917
-8.673617379884035E-19    0.012051948051948133     -1.0408340855860843E-16  0.13267243664694428
-8.673617379884035E-19    0.012077922077922161     -1.0408340855860843E-16  0.13217657330350235
-8.673617379884035E-19    0.012103896103896186     -1.0408340855860843E-16  0.13168070996006048
-8.673617379884035E-19    0.012129870129870213     -1.0408340855860843E-16  0.13118484661661836
-8.673617379884035E-19    0.01215584415584424      -1.0408340855860843E-16  0.1306889832731767
-8.673617379884035E-19    0.012181818181818266     -1.0408340855860843E-16  0.13019311992973506
-8.673617379884035E-19    0.012207792207792289     -1.0408340855860843E-16  0.1298079433545273
-8.673617379884035E-19    0.012233766233766319     -1.0408340855860843E-16  0.12929907208734553
-8.673617379884035E-19    0.012259740259740344     -1.0408340855860843E-16  0.128790200820164
-8.673617379884035E-19    0.012285714285714368     -1.0408340855860843E-16  0.12828132955298238
-8.673617379884035E-19    0.012311688311688395     -1.0408340855860843E-16  0.12774104888108315
-8.673617379884035E-19    0.012337662337662422     -1.0408340855860843E-16  0.12723379675935276
-8.673617379884035E-19    0.012363636363636448     -1.0408340855860843E-16  0.12666097388796713
-8.673617379884035E-19    0.012389610389610473     -1.0408340855860843E-16  0.12638542392275257
-8.673617379884035E-19    0.012415584415584501     -1.0408340855860843E-16  0.126109873957538
-8.673617379884035E-19    0.012441558441558526     -1.0408340855860843E-16  0.12583432399232342
-8.673617379884035E-19    0.01246753246753255      -1.0408340855860843E-16  0.1255587740271089
-8.673617379884035E-19    0.01249350649350658      -1.0408340855860843E-16  0.12528322406189443
-8.673617379884035E-19    0.012519480519480604     -1.0408340855860843E-16  0.12500767409667982
-8.673617379884035E-19    0.01254545454545463      -1.0408340855860843E-16  0.12473212413146532
-8.673617379884035E-19    0.012571428571428655     -1.0408340855860843E-16  0.12448341619572025
-8.673617379884035E-19    0.012597402597402683     -1.0408340855860843E-16  0.12419060442472321
-8.673617379884035E-19    0.01262337662337671      -1.0408340855860843E-16  0.12383059851039613
-8.673617379884035E-19    0.012649350649350733     -1.0408340855860843E-16  0.12350536577687075
-8.673617379884035E-19    0.012675324675324763     -1.0408340855860843E-16  0.12318013304334556
-8.673617379884035E-19    0.012701298701298786     -1.0408340855860843E-16  0.12340112908651313
-8.673617379884035E-19    0.012727272727272813     -1.0408340855860843E-16  0.1233066052382174
-8.673617379884035E-19    0.01275324675324684      -1.0408340855860843E-16  0.12287578482465883
-8.673617379884035E-19    0.012779220779220866     -1.0408340855860843E-16  0.12276050589105905
-8.673617379884035E-19    0.012805194805194892     -1.0408340855860843E-16  0.1226452269574603
-8.673617379884035E-19    0.012831168831168919     -1.0408340855860843E-16  0.12252994802386855
-8.673617379884035E-19    0.012857142857142945     -1.0408340855860843E-16  0.12241466909027092
-8.673617379884035E-19    0.012883116883116968     -1.0408340855860843E-16  0.12233834149017364
-8.673617379884035E-19    0.012909090909090995     -1.0408340855860843E-16  0.12220191991511982
-8.673617379884035E-19    0.012935064935065023     -1.0408340855860843E-16  0.12206549834006636
-8.673617379884035E-19    0.012961038961039048     -1.0408340855860843E-16  0.12192907676501497
-8.673617379884035E-19    0.012987012987013075     -1.0408340855860843E-16  0.12179265518996113
