% Model:              new_trap_efield_far.mph
% Version:            COMSOL 5.0.0.243
% Date:               Dec 2 2019, 13:07
% Dimension:          3
% Nodes:              1001
% Expressions:        1
% Description:        Electric field, z component
% Length unit:        m
% x                       y                        z                        es.Ez (V/m)
-8.673617379884035E-19    6.938893903907228E-18    -0.012987012987013288    2.0541500804824864
-8.673617379884035E-19    6.938893903907228E-18    -0.012961038961039261    2.0562288089652156
-8.673617379884035E-19    6.938893903907228E-18    -0.012935064935065235    2.0569876044423836
-8.673617379884035E-19    6.938893903907228E-18    -0.012909090909091208    2.058894817467717
-8.673617379884035E-19    6.938893903907228E-18    -0.012883116883117182    2.0608020304923684
-8.673617379884035E-19    6.938893903907228E-18    -0.012857142857143157    2.0627092435156555
-8.673617379884035E-19    6.938893903907228E-18    -0.01283116883116913     2.064616456541387
-8.673617379884035E-19    6.938893903907228E-18    -0.012805194805195104    2.0665236695653846
-8.673617379884035E-19    6.938893903907228E-18    -0.012779220779221077    2.0684308825892685
-8.673617379884035E-19    6.938893903907228E-18    -0.012753246753247051    2.0703380956148294
-8.673617379884035E-19    6.938893903907228E-18    -0.012727272727273024    2.072245308638685
-8.673617379884035E-19    6.938893903907228E-18    -0.012701298701298998    2.0741525216640184
-8.673617379884035E-19    6.938893903907228E-18    -0.012675324675324971    2.0764433090744205
-8.673617379884035E-19    6.938893903907228E-18    -0.012649350649350945    2.078752778649914
-8.673617379884035E-19    6.938893903907228E-18    -0.01262337662337692     2.084668553217057
-8.673617379884035E-19    6.938893903907228E-18    -0.012597402597402893    2.0896206910854858
-8.673617379884035E-19    6.938893903907228E-18    -0.012571428571428865    2.094572828955336
-8.673617379884035E-19    6.938893903907228E-18    -0.01254545454545484     2.099524966822031
-8.673617379884035E-19    6.938893903907228E-18    -0.012519480519480814    2.1044771046886694
-8.673617379884035E-19    6.938893903907228E-18    -0.012493506493506787    2.109429242557553
-8.673617379884035E-19    6.938893903907228E-18    -0.01246753246753276     2.114381380423879
-8.673617379884035E-19    6.938893903907228E-18    -0.012441558441558734    2.1197405597171155
-8.673617379884035E-19    6.938893903907228E-18    -0.012415584415584708    2.1264931531961793
-8.673617379884035E-19    6.938893903907228E-18    -0.012389610389610681    2.1332457466758115
-8.673617379884035E-19    6.938893903907228E-18    -0.012363636363636656    2.1399983401562963
-8.673617379884035E-19    6.938893903907228E-18    -0.01233766233766263     2.1467509336356443
-8.673617379884035E-19    6.938893903907228E-18    -0.012311688311688601    2.1535035271178913
-8.673617379884035E-19    6.938893903907228E-18    -0.012285714285714577    2.1584735980859477
-8.673617379884035E-19    6.938893903907228E-18    -0.01225974025974055     2.1673728375644714
-8.673617379884035E-19    6.938893903907228E-18    -0.012233766233766522    2.176272077043791
-8.673617379884035E-19    6.938893903907228E-18    -0.012207792207792495    2.1851713165196998
-8.673617379884035E-19    6.938893903907228E-18    -0.01218181818181847     2.1940705559982234
-8.673617379884035E-19    6.938893903907228E-18    -0.012155844155844446    2.2029697954776566
-8.673617379884035E-19    6.938893903907228E-18    -0.012129870129870417    2.2145990387296024
-8.673617379884035E-19    6.938893903907228E-18    -0.012103896103896393    2.2241173525267186
-8.673617379884035E-19    6.938893903907228E-18    -0.012077922077922366    2.2339602777797154
-8.673617379884035E-19    6.938893903907228E-18    -0.012051948051948338    2.2383562817844904
-8.673617379884035E-19    6.938893903907228E-18    -0.012025974025974313    2.250661186507841
-8.673617379884035E-19    6.938893903907228E-18    -0.012000000000000286    2.262966091230439
-8.673617379884035E-19    6.938893903907228E-18    -0.011974025974026258    2.2752709959554522
-8.673617379884035E-19    6.938893903907228E-18    -0.011948051948052232    2.2872512475073563
-8.673617379884035E-19    6.938893903907228E-18    -0.011922077922078209    2.299010718171303
-8.673617379884035E-19    6.938893903907228E-18    -0.011896103896104182    2.3107701888369547
-8.673617379884035E-19    6.938893903907228E-18    -0.011870129870130154    2.3225296595019245
-8.673617379884035E-19    6.938893903907228E-18    -0.011844155844156129    2.330615152120572
-8.673617379884035E-19    6.938893903907228E-18    -0.011818181818182102    2.355660913080328
-8.673617379884035E-19    6.938893903907228E-18    -0.011792207792208074    2.359951631677177
-8.673617379884035E-19    6.938893903907228E-18    -0.011766233766234048    2.3755854835940227
-8.673617379884035E-19    6.938893903907228E-18    -0.011740259740260023    2.391219335515302
-8.673617379884035E-19    6.938893903907228E-18    -0.011714285714285995    2.4068531874355585
-8.673617379884035E-19    6.938893903907228E-18    -0.01168831168831197     2.4220428610101408
-8.673617379884035E-19    6.938893903907228E-18    -0.011662337662337945    2.437176466091614
-8.673617379884035E-19    6.938893903907228E-18    -0.011636363636363917    2.4523100711737698
-8.673617379884035E-19    6.938893903907228E-18    -0.01161038961038989     2.467443676255698
-8.673617379884035E-19    6.938893903907228E-18    -0.011584415584415864    2.4823272950716273
-8.673617379884035E-19    6.938893903907228E-18    -0.011558441558441839    2.497187656488677
-8.673617379884035E-19    6.938893903907228E-18    -0.01153246753246781     2.5120480179111837
-8.673617379884035E-19    6.938893903907228E-18    -0.011506493506493784    2.5299967871951594
-8.673617379884035E-19    6.938893903907228E-18    -0.01148051948051976     2.5516896275149925
-8.673617379884035E-19    6.938893903907228E-18    -0.011454545454545731    2.5718275633547023
-8.673617379884035E-19    6.938893903907228E-18    -0.011428571428571706    2.5919654991942593
-8.673617379884035E-19    6.938893903907228E-18    -0.011402597402597681    2.612103435033646
-8.673617379884035E-19    6.938893903907228E-18    -0.011376623376623653    2.632241370872748
-8.673617379884035E-19    6.938893903907228E-18    -0.011350649350649627    2.652379306711964
-8.673617379884035E-19    6.938893903907228E-18    -0.0113246753246756      2.672517242551976
-8.673617379884035E-19    6.938893903907228E-18    -0.011298701298701575    2.6916293794467947
-8.673617379884035E-19    6.938893903907228E-18    -0.011272727272727547    2.7114841299369346
-8.673617379884035E-19    6.938893903907228E-18    -0.01124675324675352     2.731338880427984
-8.673617379884035E-19    6.938893903907228E-18    -0.011220779220779496    2.7511936309185216
-8.673617379884035E-19    6.938893903907228E-18    -0.011194805194805469    2.771048381412676
-8.673617379884035E-19    6.938893903907228E-18    -0.011168831168831442    2.7909031319023825
-8.673617379884035E-19    6.938893903907228E-18    -0.011142857142857416    2.826132543734502
-8.673617379884035E-19    6.938893903907228E-18    -0.01111688311688339     2.851706524346355
-8.673617379884035E-19    6.938893903907228E-18    -0.011090909090909363    2.877280504962073
-8.673617379884035E-19    6.938893903907228E-18    -0.011064935064935336    2.9028544855768814
-8.673617379884035E-19    6.938893903907228E-18    -0.01103896103896131     2.9053683744782575
-8.673617379884035E-19    6.938893903907228E-18    -0.011012987012987283    2.941747632442002
-8.673617379884035E-19    6.938893903907228E-18    -0.010987012987013257    2.9719624871165706
-8.673617379884035E-19    6.938893903907228E-18    -0.010961038961039232    3.0021773417927307
-8.673617379884035E-19    6.938893903907228E-18    -0.010935064935065205    3.0323921964663896
-8.673617379884035E-19    6.938893903907228E-18    -0.010909090909091179    3.0626070511430044
-8.673617379884035E-19    6.938893903907228E-18    -0.010883116883117152    3.092821905816095
-8.673617379884035E-19    6.938893903907228E-18    -0.010857142857143126    3.1230367604920275
-8.673617379884035E-19    6.938893903907228E-18    -0.0108311688311691      3.153251615167619
-8.673617379884035E-19    6.938893903907228E-18    -0.010805194805195073    3.1834664698425286
-8.673617379884035E-19    6.938893903907228E-18    -0.010779220779221048    3.210547786599591
-8.673617379884035E-19    6.938893903907228E-18    -0.01075324675324702     3.238592456509423
-8.673617379884035E-19    6.938893903907228E-18    -0.010727272727272995    3.2666371264186864
-8.673617379884035E-19    6.938893903907228E-18    -0.010701298701298968    3.294681796327268
-8.673617379884035E-19    6.938893903907228E-18    -0.010675324675324942    3.3227264662357925
-8.673617379884035E-19    6.938893903907228E-18    -0.010649350649350915    3.36609656044908
-8.673617379884035E-19    6.938893903907228E-18    -0.010623376623376889    3.403346441297799
-8.673617379884035E-19    6.938893903907228E-18    -0.010597402597402862    3.4405963221440174
-8.673617379884035E-19    6.938893903907228E-18    -0.010571428571428836    3.477846202993078
-8.673617379884035E-19    6.938893903907228E-18    -0.010545454545454809    3.5150960838412857
-8.673617379884035E-19    6.938893903907228E-18    -0.010519480519480782    3.552345964688925
-8.673617379884035E-19    6.938893903907228E-18    -0.010493506493506756    3.5895958455355412
-8.673617379884035E-19    6.938893903907228E-18    -0.010467532467532731    3.633852153750013
-8.673617379884035E-19    6.938893903907228E-18    -0.010441558441558705    3.6681155495331836
-8.673617379884035E-19    6.938893903907228E-18    -0.010415584415584678    3.7085751520960457
-8.673617379884035E-19    6.938893903907228E-18    -0.010389610389610652    3.7490347546579983
-8.673617379884035E-19    6.938893903907228E-18    -0.010363636363636625    3.789494357222452
-8.673617379884035E-19    6.938893903907228E-18    -0.010337662337662598    3.8299539597848593
-8.673617379884035E-19    6.938893903907228E-18    -0.010311688311688572    3.8704135623462435
-8.673617379884035E-19    6.938893903907228E-18    -0.010285714285714545    3.910873164909276
-8.673617379884035E-19    6.938893903907228E-18    -0.01025974025974052     3.957450076941484
-8.673617379884035E-19    6.938893903907228E-18    -0.010233766233766494    4.006141448909318
-8.673617379884035E-19    6.938893903907228E-18    -0.010207792207792468    4.054832820875049
-8.673617379884035E-19    6.938893903907228E-18    -0.010181818181818441    4.1035241928431105
-8.673617379884035E-19    6.938893903907228E-18    -0.010155844155844414    4.1522155648081025
-8.673617379884035E-19    6.938893903907228E-18    -0.010129870129870388    4.200906936775709
-8.673617379884035E-19    6.938893903907228E-18    -0.010103896103896361    4.248973602265551
-8.673617379884035E-19    6.938893903907228E-18    -0.010077922077922335    4.295873098608894
-8.673617379884035E-19    6.938893903907228E-18    -0.010051948051948308    4.348730556709427
-8.673617379884035E-19    6.938893903907228E-18    -0.010025974025974282    4.401588014812376
-8.673617379884035E-19    6.938893903907228E-18    -0.010000000000000255    4.4544454729145855
-8.673617379884035E-19    6.938893903907228E-18    -0.00997402597402623     4.507302931017335
-8.673617379884035E-19    6.938893903907228E-18    -0.009948051948052204    4.560160389121194
-8.673617379884035E-19    6.938893903907228E-18    -0.009922077922078176    4.613017847221386
-8.673617379884035E-19    6.938893903907228E-18    -0.00989610389610415     4.680387992597389
-8.673617379884035E-19    6.938893903907228E-18    -0.009870129870130124    4.73961016071371
-8.673617379884035E-19    6.938893903907228E-18    -0.009844155844156096    4.7988323288308266
-8.673617379884035E-19    6.938893903907228E-18    -0.009818181818182071    4.858054496944675
-8.673617379884035E-19    6.938893903907228E-18    -0.009792207792208046    4.917276665063355
-8.673617379884035E-19    6.938893903907228E-18    -0.00976623376623402     4.976498833177629
-8.673617379884035E-19    6.938893903907228E-18    -0.009740259740259992    5.035640520046684
-8.673617379884035E-19    6.938893903907228E-18    -0.009714285714285967    5.105668715913907
-8.673617379884035E-19    6.938893903907228E-18    -0.00968831168831194     5.175324470550095
-8.673617379884035E-19    6.938893903907228E-18    -0.009662337662337912    5.244980225190375
-8.673617379884035E-19    6.938893903907228E-18    -0.009636363636363887    5.314635979829802
-8.673617379884035E-19    6.938893903907228E-18    -0.00961038961038986     5.384291734469315
-8.673617379884035E-19    6.938893903907228E-18    -0.009584415584415834    5.453947489109453
-8.673617379884035E-19    6.938893903907228E-18    -0.009558441558441808    5.523603243747573
-8.673617379884035E-19    6.938893903907228E-18    -0.009532467532467781    5.59325899838575
-8.673617379884035E-19    6.938893903907228E-18    -0.009506493506493756    5.684614251506559
-8.673617379884035E-19    6.938893903907228E-18    -0.009480519480519728    5.746171894525219
-8.673617379884035E-19    6.938893903907228E-18    -0.009454545454545703    5.8284601929401845
-8.673617379884035E-19    6.938893903907228E-18    -0.009428571428571677    5.910748491355292
-8.673617379884035E-19    6.938893903907228E-18    -0.009402597402597648    5.993036789766961
-8.673617379884035E-19    6.938893903907228E-18    -0.009376623376623622    6.075325088180989
-8.673617379884035E-19    6.938893903907228E-18    -0.009350649350649597    6.157613386594221
-8.673617379884035E-19    6.938893903907228E-18    -0.009324675324675569    6.239901685008135
-8.673617379884035E-19    6.938893903907228E-18    -0.009298701298701542    6.341788337369735
-8.673617379884035E-19    6.938893903907228E-18    -0.009272727272727519    6.4340161030652325
-8.673617379884035E-19    6.938893903907228E-18    -0.00924675324675349     6.511984129622988
-8.673617379884035E-19    6.938893903907228E-18    -0.009220779220779464    6.60391959939534
-8.673617379884035E-19    6.938893903907228E-18    -0.00919480519480544     6.695855069168601
-8.673617379884035E-19    6.938893903907228E-18    -0.009168831168831411    6.787790538942659
-8.673617379884035E-19    6.938893903907228E-18    -0.009142857142857385    6.879726008714073
-8.673617379884035E-19    6.938893903907228E-18    -0.009116883116883358    6.971661478488841
-8.673617379884035E-19    6.938893903907228E-18    -0.009090909090909333    7.063596948261306
-8.673617379884035E-19    6.938893903907228E-18    -0.009064935064935307    7.153970352518165
-8.673617379884035E-19    6.938893903907228E-18    -0.00903896103896128     7.2720652039398175
-8.673617379884035E-19    6.938893903907228E-18    -0.009012987012987255    7.390160055361051
-8.673617379884035E-19    6.938893903907228E-18    -0.008987012987013229    7.508254906781804
-8.673617379884035E-19    6.938893903907228E-18    -0.0089610389610392      7.6263497582002735
-8.673617379884035E-19    6.938893903907228E-18    -0.008935064935065174    7.746523956718647
-8.673617379884035E-19    6.938893903907228E-18    -0.00890909090909115     7.860780121368407
-8.673617379884035E-19    6.938893903907228E-18    -0.008883116883117121    7.97503628601919
-8.673617379884035E-19    6.938893903907228E-18    -0.008857142857143094    8.089292450668836
-8.673617379884035E-19    6.938893903907228E-18    -0.008831168831169071    8.203548615318255
-8.673617379884035E-19    6.938893903907228E-18    -0.008805194805195041    8.317804779971553
-8.673617379884035E-19    6.938893903907228E-18    -0.008779220779221017    8.462862079113393
-8.673617379884035E-19    6.938893903907228E-18    -0.00875324675324699     8.583444675951341
-8.673617379884035E-19    6.938893903907228E-18    -0.008727272727272964    8.710157220128622
-8.673617379884035E-19    6.938893903907228E-18    -0.008701298701298937    8.84502534774083
-8.673617379884035E-19    6.938893903907228E-18    -0.00867532467532491     8.979893475355311
-8.673617379884035E-19    6.938893903907228E-18    -0.008649350649350884    9.114761602969566
-8.673617379884035E-19    6.938893903907228E-18    -0.008623376623376859    9.205689907402757
-8.673617379884035E-19    6.938893903907228E-18    -0.00859740259740283     9.366533468136595
-8.673617379884035E-19    6.938893903907228E-18    -0.008571428571428806    9.527377028868614
-8.673617379884035E-19    6.938893903907228E-18    -0.00854545454545478     9.688220589600576
-8.673617379884035E-19    6.938893903907228E-18    -0.008519480519480753    9.849064150333504
-8.673617379884035E-19    6.938893903907228E-18    -0.008493506493506726    10.009907711065352
-8.673617379884035E-19    6.938893903907228E-18    -0.0084675324675327      10.170751271797144
-8.673617379884035E-19    6.938893903907228E-18    -0.008441558441558673    10.331594832530755
-8.673617379884035E-19    6.938893903907228E-18    -0.008415584415584647    10.49243839326391
-8.673617379884035E-19    6.938893903907228E-18    -0.008389610389610624    10.653281953995702
-8.673617379884035E-19    6.938893903907228E-18    -0.008363636363636594    10.814125514728403
-8.673617379884035E-19    6.938893903907228E-18    -0.008337662337662567    10.974969075461559
-8.673617379884035E-19    6.938893903907228E-18    -0.008311688311688542    11.116115317260437
-8.673617379884035E-19    6.938893903907228E-18    -0.008285714285714516    11.403918870775215
-8.673617379884035E-19    6.938893903907228E-18    -0.00825974025974049     11.57178302351565
-8.673617379884035E-19    6.938893903907228E-18    -0.008233766233766463    11.681494271304473
-8.673617379884035E-19    6.938893903907228E-18    -0.008207792207792436    11.896185719355344
-8.673617379884035E-19    6.938893903907228E-18    -0.00818181818181841     12.117621906918657
-8.673617379884035E-19    6.938893903907228E-18    -0.008155844155844383    12.327512747053333
-8.673617379884035E-19    6.938893903907228E-18    -0.008129870129870357    12.537403587187555
-8.673617379884035E-19    6.938893903907228E-18    -0.008103896103896332    12.747294427323595
-8.673617379884035E-19    6.938893903907228E-18    -0.008077922077922305    12.957185267459067
-8.673617379884035E-19    6.938893903907228E-18    -0.008051948051948279    13.167076107595278
-8.673617379884035E-19    6.938893903907228E-18    -0.008025974025974252    13.376966947732342
-8.673617379884035E-19    6.938893903907228E-18    -0.008000000000000226    13.57191476800367
-8.673617379884035E-19    6.938893903907228E-18    -0.007974025974026197    13.773230406093276
-8.673617379884035E-19    6.938893903907228E-18    -0.007948051948052173    13.97454604418158
-8.673617379884035E-19    6.938893903907228E-18    -0.007922077922078146    14.347001839474387
-8.673617379884035E-19    6.938893903907228E-18    -0.00789610389610412     14.487839342573523
-8.673617379884035E-19    6.938893903907228E-18    -0.007870129870130093    14.756035501997985
-8.673617379884035E-19    6.938893903907228E-18    -0.007844155844156066    15.024231661423983
-8.673617379884035E-19    6.938893903907228E-18    -0.007818181818182042    15.29242782084657
-8.673617379884035E-19    6.938893903907228E-18    -0.007792207792208015    15.595230189706967
-8.673617379884035E-19    6.938893903907228E-18    -0.007766233766233989    15.859579529535438
-8.673617379884035E-19    6.938893903907228E-18    -0.007740259740259962    16.121800200803193
-8.673617379884035E-19    6.938893903907228E-18    -0.0077142857142859355   16.38402087207055
-8.673617379884035E-19    6.938893903907228E-18    -0.007688311688311909    16.64624154333842
-8.673617379884035E-19    6.938893903907228E-18    -0.007662337662337883    16.90846221460697
-8.673617379884035E-19    6.938893903907228E-18    -0.007636363636363857    17.17068288587484
-8.673617379884035E-19    6.938893903907228E-18    -0.0076103896103898285   17.43290355714396
-8.673617379884035E-19    6.938893903907228E-18    -0.0075844155844158045   17.70194752898533
-8.673617379884035E-19    6.938893903907228E-18    -0.007558441558441778    18.060120191162696
-8.673617379884035E-19    6.938893903907228E-18    -0.00753246753246775     18.4182928533412
-8.673617379884035E-19    6.938893903907228E-18    -0.007506493506493725    18.776465515521522
-8.673617379884035E-19    6.938893903907228E-18    -0.007480519480519698    19.13463817770048
-8.673617379884035E-19    6.938893903907228E-18    -0.00745454545454567     19.4684628548123
-8.673617379884035E-19    6.938893903907228E-18    -0.007428571428571646    19.80595320064947
-8.673617379884035E-19    6.938893903907228E-18    -0.00740259740259762     20.143443546482786
-8.673617379884035E-19    6.938893903907228E-18    -0.007376623376623591    20.480933892323264
-8.673617379884035E-19    6.938893903907228E-18    -0.007350649350649566    20.888815033114497
-8.673617379884035E-19    6.938893903907228E-18    -0.007324675324675541    21.291496526055198
-8.673617379884035E-19    6.938893903907228E-18    -0.007298701298701513    21.657796465654883
-8.673617379884035E-19    6.938893903907228E-18    -0.007272727272727486    22.024096405252294
-8.673617379884035E-19    6.938893903907228E-18    -0.007246753246753461    22.31454566809225
-8.673617379884035E-19    6.938893903907228E-18    -0.007220779220779435    22.748761071379022
-8.673617379884035E-19    6.938893903907228E-18    -0.007194805194805409    23.182976474663292
-8.673617379884035E-19    6.938893903907228E-18    -0.00716883116883138     23.617191877950518
-8.673617379884035E-19    6.938893903907228E-18    -0.007142857142857356    24.051407281234788
-8.673617379884035E-19    6.938893903907228E-18    -0.00711688311688333     24.485622684520422
-8.673617379884035E-19    6.938893903907228E-18    -0.007090909090909302    24.919838087807875
-8.673617379884035E-19    6.938893903907228E-18    -0.007064935064935277    25.350557109210513
-8.673617379884035E-19    6.938893903907228E-18    -0.007038961038961251    25.993238936053558
-8.673617379884035E-19    6.938893903907228E-18    -0.0070129870129872224   26.331645493497263
-8.673617379884035E-19    6.938893903907228E-18    -0.006987012987013196    26.808283964937118
-8.673617379884035E-19    6.938893903907228E-18    -0.006961038961039172    27.31875523930603
-8.673617379884035E-19    6.938893903907228E-18    -0.006935064935065143    27.829226513675962
-8.673617379884035E-19    6.938893903907228E-18    -0.006909090909091117    28.339697788047147
-8.673617379884035E-19    6.938893903907228E-18    -0.006883116883117093    28.850169062417464
-8.673617379884035E-19    6.938893903907228E-18    -0.006857142857143065    29.36064033678872
-8.673617379884035E-19    6.938893903907228E-18    -0.006831168831169038    29.871111611159222
-8.673617379884035E-19    6.938893903907228E-18    -0.006805194805195014    30.381582885529042
-8.673617379884035E-19    6.938893903907228E-18    -0.006779220779220985    30.89205415989909
-8.673617379884035E-19    6.938893903907228E-18    -0.006753246753246959    31.40252543427323
-8.673617379884035E-19    6.938893903907228E-18    -0.006727272727272932    32.053778695121025
-8.673617379884035E-19    6.938893903907228E-18    -0.006701298701298906    32.71136866710276
-8.673617379884035E-19    6.938893903907228E-18    -0.00667532467532488     33.36895863908575
-8.673617379884035E-19    6.938893903907228E-18    -0.0066493506493508535   33.96986424529541
-8.673617379884035E-19    6.938893903907228E-18    -0.00662337662337683     34.617773913766996
-8.673617379884035E-19    6.938893903907228E-18    -0.006597402597402803    35.26568358224222
-8.673617379884035E-19    6.938893903907228E-18    -0.006571428571428775    35.91359325071625
-8.673617379884035E-19    6.938893903907228E-18    -0.006545454545454748    36.56150291918948
-8.673617379884035E-19    6.938893903907228E-18    -0.0065194805194807234   37.20941258766288
-8.673617379884035E-19    6.938893903907228E-18    -0.006493506493506695    37.71325575782225
-8.673617379884035E-19    6.938893903907228E-18    -0.0064675324675326695   38.64138613587329
-8.673617379884035E-19    6.938893903907228E-18    -0.006441558441558645    39.29169537377015
-8.673617379884035E-19    6.938893903907228E-18    -0.006415584415584617    40.05172181178318
-8.673617379884035E-19    6.938893903907228E-18    -0.006389610389610591    40.811748249794164
-8.673617379884035E-19    6.938893903907228E-18    -0.006363636363636564    41.571774687806936
-8.673617379884035E-19    6.938893903907228E-18    -0.006337662337662538    42.3318011258188
-8.673617379884035E-19    6.938893903907228E-18    -0.006311688311688511    43.09182756383109
-8.673617379884035E-19    6.938893903907228E-18    -0.006285714285714485    43.85185400184446
-8.673617379884035E-19    6.938893903907228E-18    -0.006259740259740458    44.61188043985635
-8.673617379884035E-19    6.938893903907228E-18    -0.0062337662337664315   45.37190687786824
-8.673617379884035E-19    6.938893903907228E-18    -0.006207792207792406    46.30830304880662
-8.673617379884035E-19    6.938893903907228E-18    -0.006181818181818379    47.155322197757
-8.673617379884035E-19    6.938893903907228E-18    -0.006155844155844353    48.097060639305255
-8.673617379884035E-19    6.938893903907228E-18    -0.006129870129870327    48.996069512294525
-8.673617379884035E-19    6.938893903907228E-18    -0.0061038961038963006   49.89507838528016
-8.673617379884035E-19    6.938893903907228E-18    -0.006077922077922276    50.794087258266984
-8.673617379884035E-19    6.938893903907228E-18    -0.0060519480519482475   51.69309613125597
-8.673617379884035E-19    6.938893903907228E-18    -0.006025974025974219    52.540636836372414
-8.673617379884035E-19    6.938893903907228E-18    -0.006000000000000197    53.52092426258832
-8.673617379884035E-19    6.938893903907228E-18    -0.005974025974026169    54.60037557084161
-8.673617379884035E-19    6.938893903907228E-18    -0.005948051948052143    55.60992989577426
-8.673617379884035E-19    6.938893903907228E-18    -0.0059220779220781165   56.619484220709865
-8.673617379884035E-19    6.938893903907228E-18    -0.00589610389610409     57.62903854564229
-8.673617379884035E-19    6.938893903907228E-18    -0.0058701298701300635   58.53627792846203
-8.673617379884035E-19    6.938893903907228E-18    -0.005844155844156037    59.6458244801446
-8.673617379884035E-19    6.938893903907228E-18    -0.00581818181818201     60.75537103182711
-8.673617379884035E-19    6.938893903907228E-18    -0.005792207792207984    61.86491758350974
-8.673617379884035E-19    6.938893903907228E-18    -0.005766233766233957    62.974464135192136
-8.673617379884035E-19    6.938893903907228E-18    -0.005740259740259932    64.0840106868759
-8.673617379884035E-19    6.938893903907228E-18    -0.005714285714285905    65.2515827021989
-8.673617379884035E-19    6.938893903907228E-18    -0.0056883116883118786   66.36647859453001
-8.673617379884035E-19    6.938893903907228E-18    -0.005662337662337853    67.48137448686066
-8.673617379884035E-19    6.938893903907228E-18    -0.005636363636363826    68.59627037919381
-8.673617379884035E-19    6.938893903907228E-18    -0.0056103896103898      69.64766712826895
-8.673617379884035E-19    6.938893903907228E-18    -0.0055844155844157715   70.94562347190731
-8.673617379884035E-19    6.938893903907228E-18    -0.005558441558441747    72.2435798155426
-8.673617379884035E-19    6.938893903907228E-18    -0.005532467532467721    73.54153615917846
-8.673617379884035E-19    6.938893903907228E-18    -0.005506493506493692    74.83949250281444
-8.673617379884035E-19    6.938893903907228E-18    -0.005480519480519669    76.15455680846298
-8.673617379884035E-19    6.938893903907228E-18    -0.005454545454545642    77.45555739666543
-8.673617379884035E-19    6.938893903907228E-18    -0.005428571428571613    78.70525922549325
-8.673617379884035E-19    6.938893903907228E-18    -0.005402597402597589    80.03083777817051
-8.673617379884035E-19    6.938893903907228E-18    -0.005376623376623563    81.35641633085174
-8.673617379884035E-19    6.938893903907228E-18    -0.005350649350649536    82.68626191768158
-8.673617379884035E-19    6.938893903907228E-18    -0.00532467532467551     83.99118427506198
-8.673617379884035E-19    6.938893903907228E-18    -0.005298701298701483    85.29610663244182
-8.673617379884035E-19    6.938893903907228E-18    -0.005272727272727457    86.60102898982365
-8.673617379884035E-19    6.938893903907228E-18    -0.005246753246753431    88.10096990421607
-8.673617379884035E-19    6.938893903907228E-18    -0.005220779220779404    89.4436630519022
-8.673617379884035E-19    6.938893903907228E-18    -0.005194805194805379    90.8760603383996
-8.673617379884035E-19    6.938893903907228E-18    -0.005168831168831351    92.30845762489564
-8.673617379884035E-19    6.938893903907228E-18    -0.005142857142857324    93.74085491139223
-8.673617379884035E-19    6.938893903907228E-18    -0.005116883116883299    95.17325219788711
-8.673617379884035E-19    6.938893903907228E-18    -0.0050909090909092725   96.6056494843848
-8.673617379884035E-19    6.938893903907228E-18    -0.005064935064935245    98.03804677087948
-8.673617379884035E-19    6.938893903907228E-18    -0.00503896103896122     99.47044405737643
-8.673617379884035E-19    6.938893903907228E-18    -0.005012987012987194    100.90284134387434
-8.673617379884035E-19    6.938893903907228E-18    -0.0049870129870131655   102.45329660211019
-8.673617379884035E-19    6.938893903907228E-18    -0.004961038961039139    103.95754901652708
-8.673617379884035E-19    6.938893903907228E-18    -0.004935064935065115    105.43046136990802
-8.673617379884035E-19    6.938893903907228E-18    -0.004909090909091087    106.92994826869756
-8.673617379884035E-19    6.938893903907228E-18    -0.004883116883117062    108.42943516748358
-8.673617379884035E-19    6.938893903907228E-18    -0.004857142857143035    109.92892206627062
-8.673617379884035E-19    6.938893903907228E-18    -0.004831168831169007    111.42840896505717
-8.673617379884035E-19    6.938893903907228E-18    -0.004805194805194983    112.92789586384549
-8.673617379884035E-19    6.938893903907228E-18    -0.004779220779220955    114.42738276263185
-8.673617379884035E-19    6.938893903907228E-18    -0.004753246753246931    115.9268696614181
-8.673617379884035E-19    6.938893903907228E-18    -0.004727272727272904    117.42635656020593
-8.673617379884035E-19    6.938893903907228E-18    -0.004701298701298875    118.92584345899286
-8.673617379884035E-19    6.938893903907228E-18    -0.004675324675324851    120.4047245733664
-8.673617379884035E-19    6.938893903907228E-18    -0.004649350649350825    122.03059805941848
-8.673617379884035E-19    6.938893903907228E-18    -0.004623376623376797    123.46276677216417
-8.673617379884035E-19    6.938893903907228E-18    -0.004597402597402773    124.894935484911
-8.673617379884035E-19    6.938893903907228E-18    -0.004571428571428745    126.32710419765817
-8.673617379884035E-19    6.938893903907228E-18    -0.004545454545454718    127.75927291040517
-8.673617379884035E-19    6.938893903907228E-18    -0.004519480519480691    129.19144162315183
-8.673617379884035E-19    6.938893903907228E-18    -0.0044935064935066665   130.62361033589778
-8.673617379884035E-19    6.938893903907228E-18    -0.004467532467532639    132.05577904864384
-8.673617379884035E-19    6.938893903907228E-18    -0.0044415584415586126   133.48794776139073
-8.673617379884035E-19    6.938893903907228E-18    -0.004415584415584588    134.92011647413742
-8.673617379884035E-19    6.938893903907228E-18    -0.0043896103896105595   136.35228518688373
-8.673617379884035E-19    6.938893903907228E-18    -0.004363636363636533    137.58297385964488
-8.673617379884035E-19    6.938893903907228E-18    -0.004337662337662507    138.99758178264415
-8.673617379884035E-19    6.938893903907228E-18    -0.004311688311688481    140.4121897056441
-8.673617379884035E-19    6.938893903907228E-18    -0.004285714285714456    141.89978038858817
-8.673617379884035E-19    6.938893903907228E-18    -0.004259740259740428    143.0602172888357
-8.673617379884035E-19    6.938893903907228E-18    -0.004233766233766401    144.2015134178812
-8.673617379884035E-19    6.938893903907228E-18    -0.004207792207792377    145.40802057443864
-8.673617379884035E-19    6.938893903907228E-18    -0.004181818181818349    146.64070640393174
-8.673617379884035E-19    6.938893903907228E-18    -0.004155844155844323    147.86725203445155
-8.673617379884035E-19    6.938893903907228E-18    -0.004129870129870298    149.09379766497307
-8.673617379884035E-19    6.938893903907228E-18    -0.004103896103896269    150.32034329549418
-8.673617379884035E-19    6.938893903907228E-18    -0.004077922077922244    151.5468889260145
-8.673617379884035E-19    6.938893903907228E-18    -0.004051948051948219    152.7734345565357
-8.673617379884035E-19    6.938893903907228E-18    -0.0040259740259741906   153.99998018705597
-8.673617379884035E-19    6.938893903907228E-18    -0.004000000000000165    155.2265258175777
-8.673617379884035E-19    6.938893903907228E-18    -0.0039740259740261375   155.9472399706159
-8.673617379884035E-19    6.938893903907228E-18    -0.003948051948052112    156.88992978293106
-8.673617379884035E-19    6.938893903907228E-18    -0.003922077922078085    157.8326195952484
-8.673617379884035E-19    6.938893903907228E-18    -0.0038961038961040587   158.77530940756515
-8.673617379884035E-19    6.938893903907228E-18    -0.003870129870130033    159.95058675490452
-8.673617379884035E-19    6.938893903907228E-18    -0.0038441558441560065   160.76074948946626
-8.673617379884035E-19    6.938893903907228E-18    -0.00381818181818198     161.5709122240287
-8.673617379884035E-19    6.938893903907228E-18    -0.0037922077922079534   162.38107495859146
-8.673617379884035E-19    6.938893903907228E-18    -0.003766233766233927    163.1912376931533
-8.673617379884035E-19    6.938893903907228E-18    -0.0037402597402599012   163.8638363950891
-8.673617379884035E-19    6.938893903907228E-18    -0.0037142857142858747   164.67148819797671
-8.673617379884035E-19    6.938893903907228E-18    -0.00368831168831185     165.4791400008678
-8.673617379884035E-19    6.938893903907228E-18    -0.0036623376623378216   166.5365150026969
-8.673617379884035E-19    6.938893903907228E-18    -0.0036363636363637934   166.97114069886493
-8.673617379884035E-19    6.938893903907228E-18    -0.003610389610389771    167.40576639503502
-8.673617379884035E-19    6.938893903907228E-18    -0.003584415584415743    167.84039209120363
-8.673617379884035E-19    6.938893903907228E-18    -0.0035584415584417146   168.2750177873737
-8.673617379884035E-19    6.938893903907228E-18    -0.00353246753246769     168.65717441960578
-8.673617379884035E-19    6.938893903907228E-18    -0.0035064935064936633   169.08906896891767
-8.673617379884035E-19    6.938893903907228E-18    -0.0034805194805196376   169.52096351822962
-8.673617379884035E-19    6.938893903907228E-18    -0.003454545454545611    169.9528580675404
-8.673617379884035E-19    6.938893903907228E-18    -0.0034285714285715845   170.38475261685318
-8.673617379884035E-19    6.938893903907228E-18    -0.003402597402597559    170.81664716616433
-8.673617379884035E-19    6.938893903907228E-18    -0.0033766233766235323   171.2485417154753
-8.673617379884035E-19    6.938893903907228E-18    -0.0033506493506495058   171.5314718237999
-8.673617379884035E-19    6.938893903907228E-18    -0.0033246753246754792   171.85633923038267
-8.673617379884035E-19    6.938893903907228E-18    -0.0032987012987014527   171.88350312422995
-8.673617379884035E-19    6.938893903907228E-18    -0.003272727272727427    171.91066701807654
-8.673617379884035E-19    6.938893903907228E-18    -0.0032467532467534005   171.93783091192347
-8.673617379884035E-19    6.938893903907228E-18    -0.003220779220779374    171.96499480576915
-8.673617379884035E-19    6.938893903907228E-18    -0.0031948051948053457   171.99215869961648
-8.673617379884035E-19    6.938893903907228E-18    -0.003168831168831321    172.01932259346268
-8.673617379884035E-19    6.938893903907228E-18    -0.003142857142857295    172.0464864873095
-8.673617379884035E-19    6.938893903907228E-18    -0.003116883116883267    172.07365038115586
-8.673617379884035E-19    6.938893903907228E-18    -0.003090909090909242    171.88243284387022
-8.673617379884035E-19    6.938893903907228E-18    -0.0030649350649352156   171.96029123041728
-8.673617379884035E-19    6.938893903907228E-18    -0.0030389610389611873   172.03814961696526
-8.673617379884035E-19    6.938893903907228E-18    -0.0030129870129871634   171.63506084243454
-8.673617379884035E-19    6.938893903907228E-18    -0.002987012987013137    171.31263420382186
-8.673617379884035E-19    6.938893903907228E-18    -0.0029610389610391086   170.99020756521068
-8.673617379884035E-19    6.938893903907228E-18    -0.0029350649350650846   171.10457883854593
-8.673617379884035E-19    6.938893903907228E-18    -0.0029090909090910572   170.68128626283442
-8.673617379884035E-19    6.938893903907228E-18    -0.0028831168831170316   170.25799368712458
-8.673617379884035E-19    6.938893903907228E-18    -0.002857142857143005    169.83470111141372
-8.673617379884035E-19    6.938893903907228E-18    -0.0028311688311689785   169.41140853570303
-8.673617379884035E-19    6.938893903907228E-18    -0.002805194805194953    168.98811595999211
-8.673617379884035E-19    6.938893903907228E-18    -0.0027792207792209263   168.56482338428208
-8.673617379884035E-19    6.938893903907228E-18    -0.002753246753246898    168.14153080857096
-8.673617379884035E-19    6.938893903907228E-18    -0.002727272727272873    167.71823823286076
-8.673617379884035E-19    6.938893903907228E-18    -0.0027012987012988467   167.3282504887724
-8.673617379884035E-19    6.938893903907228E-18    -0.0026753246753248193   166.55870379812393
-8.673617379884035E-19    6.938893903907228E-18    -0.0026493506493507945   166.0752015193994
-8.673617379884035E-19    6.938893903907228E-18    -0.002623376623376768    165.59169924067555
-8.673617379884035E-19    6.938893903907228E-18    -0.0025974025974027396   165.1081969619504
-8.673617379884035E-19    6.938893903907228E-18    -0.002571428571428714    164.16699737526244
-8.673617379884035E-19    6.938893903907228E-18    -0.0025454545454546883   163.87664213079026
-8.673617379884035E-19    6.938893903907228E-18    -0.002519480519480661    163.11967496430006
-8.673617379884035E-19    6.938893903907228E-18    -0.002493506493506637    162.3627077978088
-8.673617379884035E-19    6.938893903907228E-18    -0.0024675324675326087   161.60574063131756
-8.673617379884035E-19    6.938893903907228E-18    -0.0024415584415585813   160.8487734648275
-8.673617379884035E-19    6.938893903907228E-18    -0.0024155844155845574   160.09180629833645
-8.673617379884035E-19    6.938893903907228E-18    -0.00238961038961053     159.33483913184614
-8.673617379884035E-19    6.938893903907228E-18    -0.0023636363636365025   158.6082391881011
-8.673617379884035E-19    6.938893903907228E-18    -0.0023376623376624786   157.85664370723575
-8.673617379884035E-19    6.938893903907228E-18    -0.0023116883116884503   157.10504822636995
-8.673617379884035E-19    6.938893903907228E-18    -0.0022857142857144247   156.353452745504
-8.673617379884035E-19    6.938893903907228E-18    -0.002259740259740399    155.60185726463828
-8.673617379884035E-19    6.938893903907228E-18    -0.0022337662337663716   154.66173518075811
-8.673617379884035E-19    6.938893903907228E-18    -0.002207792207792346    153.73821347730654
-8.673617379884035E-19    6.938893903907228E-18    -0.0021818181818183202   152.8146917738556
-8.673617379884035E-19    6.938893903907228E-18    -0.002155844155844292    151.891170070405
-8.673617379884035E-19    6.938893903907228E-18    -0.0021298701298702663   151.10744915971736
-8.673617379884035E-19    6.938893903907228E-18    -0.0021038961038962398   150.16220758883978
-8.673617379884035E-19    6.938893903907228E-18    -0.0020779220779222132   149.21696601796174
-8.673617379884035E-19    6.938893903907228E-18    -0.0020519480519481876   148.2717244470852
-8.673617379884035E-19    6.938893903907228E-18    -0.002025974025974161    147.3501985572961
-8.673617379884035E-19    6.938893903907228E-18    -0.0020000000000001336   146.41689612128795
-8.673617379884035E-19    6.938893903907228E-18    -0.001974025974026107    145.48359368527943
-8.673617379884035E-19    6.938893903907228E-18    -0.0019480519480520823   144.55029124927188
-8.673617379884035E-19    6.938893903907228E-18    -0.0019220779220780549   143.61698881326433
-8.673617379884035E-19    6.938893903907228E-18    -0.0018961038961040283   142.577826829885
-8.673617379884035E-19    6.938893903907228E-18    -0.0018701298701300027   141.58615600904977
-8.673617379884035E-19    6.938893903907228E-18    -0.0018441558441559753   140.5944851882141
-8.673617379884035E-19    6.938893903907228E-18    -0.0018181818181819513   139.64644895985447
-8.673617379884035E-19    6.938893903907228E-18    -0.001792207792207923    138.6246445008396
-8.673617379884035E-19    6.938893903907228E-18    -0.0017662337662338956   137.6028400418248
-8.673617379884035E-19    6.938893903907228E-18    -0.0017402597402598717   136.57899478079753
-8.673617379884035E-19    6.938893903907228E-18    -0.0017142857142858434   135.57514954734927
-8.673617379884035E-19    6.938893903907228E-18    -0.0016883116883118186   134.57130431390198
-8.673617379884035E-19    6.938893903907228E-18    -0.001662337662337792    133.5674590804535
-8.673617379884035E-19    6.938893903907228E-18    -0.0016363636363637647   132.56361384700517
-8.673617379884035E-19    6.938893903907228E-18    -0.0016103896103897399   131.5074711963327
-8.673617379884035E-19    6.938893903907228E-18    -0.0015844155844157133   130.4833667294465
-8.673617379884035E-19    6.938893903907228E-18    -0.001558441558441686    129.4592622625628
-8.673617379884035E-19    6.938893903907228E-18    -0.0015324675324676594   128.43515779567764
-8.673617379884035E-19    6.938893903907228E-18    -0.0015064935064936337   127.39973682956577
-8.673617379884035E-19    6.938893903907228E-18    -0.0014805194805196072   126.37060091578917
-8.673617379884035E-19    6.938893903907228E-18    -0.0014545454545455807   125.35785539615918
-8.673617379884035E-19    6.938893903907228E-18    -0.001428571428571555    124.33148053484996
-8.673617379884035E-19    6.938893903907228E-18    -0.0014025974025975267   123.30510567354051
-8.673617379884035E-19    6.938893903907228E-18    -0.001376623376623501    122.2787308122313
-8.673617379884035E-19    6.938893903907228E-18    -0.0013506493506494754   121.25235595092194
-8.673617379884035E-19    6.938893903907228E-18    -0.001324675324675448    120.22598108961256
-8.673617379884035E-19    6.938893903907228E-18    -0.0012987012987014223   119.19960622830348
-8.673617379884035E-19    6.938893903907228E-18    -0.0012727272727273958   118.17323136699417
-8.673617379884035E-19    6.938893903907228E-18    -0.0012467532467533684   117.15162335731193
-8.673617379884035E-19    6.938893903907228E-18    -0.0012207792207793444   116.12930476937248
-8.673617379884035E-19    6.938893903907228E-18    -0.001194805194805317    115.10698618143223
-8.673617379884035E-19    6.938893903907228E-18    -0.0011688311688312896   114.0803124751298
-8.673617379884035E-19    6.938893903907228E-18    -0.0011428571428572657   113.08964997170875
-8.673617379884035E-19    6.938893903907228E-18    -0.0011168831168832374   112.09898746828716
-8.673617379884035E-19    6.938893903907228E-18    -0.0010909090909092117   111.10832496486518
-8.673617379884035E-19    6.938893903907228E-18    -0.001064935064935186    110.11766246144389
-8.673617379884035E-19    6.938893903907228E-18    -0.0010389610389611587   109.12699995802204
-8.673617379884035E-19    6.938893903907228E-18    -0.001012987012987133    108.13633745460045
-8.673617379884035E-19    6.938893903907228E-18    -9.870129870131073E-4    107.14567495117845
-8.673617379884035E-19    6.938893903907228E-18    -9.61038961039079E-4     106.15501244775683
-8.673617379884035E-19    6.938893903907228E-18    -9.350649350650534E-4    105.16434994433536
-8.673617379884035E-19    6.938893903907228E-18    -9.090909090910268E-4    104.16092303335336
-8.673617379884035E-19    6.938893903907228E-18    -8.831168831170003E-4    103.267459259838
-8.673617379884035E-19    6.938893903907228E-18    -8.571428571429746E-4    102.30005700864285
-8.673617379884035E-19    6.938893903907228E-18    -8.311688311689481E-4    101.32560330726395
-8.673617379884035E-19    6.938893903907228E-18    -8.051948051949207E-4    100.35114960588487
-8.673617379884035E-19    6.938893903907228E-18    -7.792207792208941E-4    99.3643472181904
-8.673617379884035E-19    6.938893903907228E-18    -7.532467532468693E-4    98.45175318147346
-8.673617379884035E-19    6.938893903907228E-18    -7.272727272728419E-4    97.53915914475664
-8.673617379884035E-19    6.938893903907228E-18    -7.012987012988154E-4    96.62656510803953
-8.673617379884035E-19    6.938893903907228E-18    -6.753246753247897E-4    95.73234236150128
-8.673617379884035E-19    6.938893903907228E-18    -6.493506493507623E-4    94.8054493636038
-8.673617379884035E-19    6.938893903907228E-18    -6.233766233767384E-4    93.87855636570688
-8.673617379884035E-19    6.938893903907228E-18    -5.974025974027101E-4    92.9516633678092
-8.673617379884035E-19    6.938893903907228E-18    -5.714285714286827E-4    92.02477036991178
-8.673617379884035E-19    6.938893903907228E-18    -5.454545454546588E-4    91.09787737201415
-8.673617379884035E-19    6.938893903907228E-18    -5.194805194806305E-4    90.26286784673715
-8.673617379884035E-19    6.938893903907228E-18    -4.935064935066057E-4    89.2776495982798
-8.673617379884035E-19    6.938893903907228E-18    -4.6753246753257916E-4   88.4493592808139
-8.673617379884035E-19    6.938893903907228E-18    -4.4155844155855176E-4   87.62106896334808
-8.673617379884035E-19    6.938893903907228E-18    -4.1558441558452695E-4   86.79277864588269
-8.673617379884035E-19    6.938893903907228E-18    -3.896103896105004E-4    85.96448832841682
-8.673617379884035E-19    6.938893903907228E-18    -3.63636363636473E-4     85.11282642915302
-8.673617379884035E-19    6.938893903907228E-18    -3.3766233766244647E-4   84.26727944743709
-8.673617379884035E-19    6.938893903907228E-18    -3.116883116884208E-4    83.41290190929868
-8.673617379884035E-19    6.938893903907228E-18    -2.8571428571439426E-4   82.5585243711601
-8.673617379884035E-19    6.938893903907228E-18    -2.597402597403677E-4    81.70414683302114
-8.673617379884035E-19    6.938893903907228E-18    -2.3376623376634206E-4   80.84976929488207
-8.673617379884035E-19    6.938893903907228E-18    -2.0779220779231378E-4   79.99539175674335
-8.673617379884035E-19    6.938893903907228E-18    -1.818181818182881E-4    79.14101421860471
-8.673617379884035E-19    6.938893903907228E-18    -1.5584415584426244E-4   78.41921900249298
-8.673617379884035E-19    6.938893903907228E-18    -1.2987012987023504E-4   77.66579611846552
-8.673617379884035E-19    6.938893903907228E-18    -1.0389610389620937E-4   76.91237323443778
-8.673617379884035E-19    6.938893903907228E-18    -7.792207792218283E-5    76.15895035041069
-8.673617379884035E-19    6.938893903907228E-18    -5.1948051948155424E-5   75.40552746638286
-8.673617379884035E-19    6.938893903907228E-18    -2.597402597413149E-5    74.67318428544965
-8.673617379884035E-19    6.938893903907228E-18    -1.0408340855860843E-16  73.90313836172638
-8.673617379884035E-19    6.938893903907228E-18    2.5974025973921587E-5    73.09055452339084
-8.673617379884035E-19    6.938893903907228E-18    5.194805194794986E-5     72.32671953299734
-8.673617379884035E-19    6.938893903907228E-18    7.792207792197466E-5     71.60602319584513
-8.673617379884035E-19    6.938893903907228E-18    1.038961038960012E-4     70.78743587670714
-8.673617379884035E-19    6.938893903907228E-18    1.2987012987002947E-4    70.09393879668296
-8.673617379884035E-19    6.938893903907228E-18    1.5584415584405428E-4    69.40044171665912
-8.673617379884035E-19    6.938893903907228E-18    1.8181818181807995E-4    68.70694463663493
-8.673617379884035E-19    6.938893903907228E-18    2.0779220779210562E-4    68.01344755661077
-8.673617379884035E-19    6.938893903907228E-18    2.337662337661339E-4     67.31995047658665
-8.673617379884035E-19    6.938893903907228E-18    2.5974025974015956E-4    66.62645339656264
-8.673617379884035E-19    6.938893903907228E-18    2.8571428571418523E-4    65.93295631653844
-8.673617379884035E-19    6.938893903907228E-18    3.116883116882135E-4     65.23945923651434
-8.673617379884035E-19    6.938893903907228E-18    3.376623376622383E-4     64.54596215649035
-8.673617379884035E-19    6.938893903907228E-18    3.6363636363626484E-4    63.96421329534047
-8.673617379884035E-19    6.938893903907228E-18    3.8961038961029225E-4    63.3083169291254
-8.673617379884035E-19    6.938893903907228E-18    4.155844155843188E-4     62.65242056291055
-8.673617379884035E-19    6.938893903907228E-18    4.415584415583436E-4     61.99652419669599
-8.673617379884035E-19    6.938893903907228E-18    4.6753246753236926E-4    61.34062783048097
-8.673617379884035E-19    6.938893903907228E-18    4.935064935063975E-4     60.72574842382976
-8.673617379884035E-19    6.938893903907228E-18    5.194805194804223E-4     60.07735036784641
-8.673617379884035E-19    6.938893903907228E-18    5.454545454544489E-4     59.46050199910678
-8.673617379884035E-19    6.938893903907228E-18    5.714285714284771E-4     58.8436536303675
-8.673617379884035E-19    6.938893903907228E-18    5.97402597402502E-4      58.2268052616281
-8.673617379884035E-19    6.938893903907228E-18    6.233766233765276E-4     57.60995689288862
-8.673617379884035E-19    6.938893903907228E-18    6.493506493505559E-4     56.99310852414912
-8.673617379884035E-19    6.938893903907228E-18    6.753246753245816E-4     56.37626015540968
-8.673617379884035E-19    6.938893903907228E-18    7.012987012986072E-4     55.75941178666994
-8.673617379884035E-19    6.938893903907228E-18    7.272727272726355E-4     55.142563417930546
-8.673617379884035E-19    6.938893903907228E-18    7.532467532466612E-4     54.58267728707881
-8.673617379884035E-19    6.938893903907228E-18    7.79220779220686E-4      54.05116767585892
-8.673617379884035E-19    6.938893903907228E-18    8.051948051947125E-4     53.51965806463879
-8.673617379884035E-19    6.938893903907228E-18    8.311688311687399E-4     52.98814845341863
-8.673617379884035E-19    6.938893903907228E-18    8.571428571427665E-4     52.45663884219863
-8.673617379884035E-19    6.938893903907228E-18    8.831168831167913E-4     51.925129230978484
-8.673617379884035E-19    6.938893903907228E-18    9.090909090908195E-4     51.39361961975834
-8.673617379884035E-19    6.938893903907228E-18    9.350649350648452E-4     50.862110008538366
-8.673617379884035E-19    6.938893903907228E-18    9.6103896103887E-4       50.350174313242114
-8.673617379884035E-19    6.938893903907228E-18    9.870129870128991E-4     49.80966157976545
-8.673617379884035E-19    6.938893903907228E-18    0.0010129870129869248    49.25354511671253
-8.673617379884035E-19    6.938893903907228E-18    0.0010389610389609505    48.6471062262992
-8.673617379884035E-19    6.938893903907228E-18    0.0010649350649349753    48.172807315797336
-8.673617379884035E-19    6.938893903907228E-18    0.0010909090909090036    47.69850840529526
-8.673617379884035E-19    6.938893903907228E-18    0.0011168831168830292    47.2242094947932
-8.673617379884035E-19    6.938893903907228E-18    0.001142857142857055     46.749910584291236
-8.673617379884035E-19    6.938893903907228E-18    0.0011688311688310832    46.275450886863084
-8.673617379884035E-19    6.938893903907228E-18    0.0011948051948051088    45.79211361657702
-8.673617379884035E-19    6.938893903907228E-18    0.0012207792207791337    45.308776346291204
-8.673617379884035E-19    6.938893903907228E-18    0.0012467532467531628    44.82543907600512
-8.673617379884035E-19    6.938893903907228E-18    0.0012727272727271876    44.342101805719295
-8.673617379884035E-19    6.938893903907228E-18    0.0012987012987012141    43.85876453543321
-8.673617379884035E-19    6.938893903907228E-18    0.0013246753246752424    43.37542726514721
-8.673617379884035E-19    6.938893903907228E-18    0.0013506493506492672    42.98428484659837
-8.673617379884035E-19    6.938893903907228E-18    0.0013766233766232929    42.50905497539068
-8.673617379884035E-19    6.938893903907228E-18    0.0014025974025973177    42.09243296656003
-8.673617379884035E-19    6.938893903907228E-18    0.0014285714285713468    41.67336561269062
-8.673617379884035E-19    6.938893903907228E-18    0.0014545454545453725    41.25429825882136
-8.673617379884035E-19    6.938893903907228E-18    0.0014805194805193982    40.83523090495229
-8.673617379884035E-19    6.938893903907228E-18    0.0015064935064934264    40.33663332673075
-8.673617379884035E-19    6.938893903907228E-18    0.0015324675324674512    39.930422316032654
-8.673617379884035E-19    6.938893903907228E-18    0.001558441558441477     39.52421130533436
-8.673617379884035E-19    6.938893903907228E-18    0.0015844155844155052    39.11800029463615
-8.673617379884035E-19    6.938893903907228E-18    0.0016103896103895317    38.711789283937826
-8.673617379884035E-19    6.938893903907228E-18    0.0016363636363635565    38.3055782732397
-8.673617379884035E-19    6.938893903907228E-18    0.0016623376623375848    37.89936726254143
-8.673617379884035E-19    6.938893903907228E-18    0.0016883116883116105    37.49315625184316
-8.673617379884035E-19    6.938893903907228E-18    0.0017142857142856353    37.08694524114502
-8.673617379884035E-19    6.938893903907228E-18    0.0017402597402596618    36.680734230446745
-8.673617379884035E-19    6.938893903907228E-18    0.00176623376623369      36.274523219748474
-8.673617379884035E-19    6.938893903907228E-18    0.0017922077922077149    35.868312209050295
-8.673617379884035E-19    6.938893903907228E-18    0.0018181818181817406    35.58440294570224
-8.673617379884035E-19    6.938893903907228E-18    0.0018441558441557688    35.224608607504706
-8.673617379884035E-19    6.938893903907228E-18    0.0018701298701297945    34.84522093925098
-8.673617379884035E-19    6.938893903907228E-18    0.0018961038961038202    34.48421554652645
-8.673617379884035E-19    6.938893903907228E-18    0.0019220779220778484    34.12321015380221
-8.673617379884035E-19    6.938893903907228E-18    0.001948051948051874     33.76220476107784
-8.673617379884035E-19    6.938893903907228E-18    0.001974025974025899     33.40119936835349
-8.673617379884035E-19    6.938893903907228E-18    0.0019999999999999246    33.02160573389207
-8.673617379884035E-19    6.938893903907228E-18    0.002025974025973953     32.685879176954856
-8.673617379884035E-19    6.938893903907228E-18    0.0020519480519479794    32.35015262001771
-8.673617379884035E-19    6.938893903907228E-18    0.002077922077922004     32.014426063080506
-8.673617379884035E-19    6.938893903907228E-18    0.0021038961038960325    31.67869950614336
-8.673617379884035E-19    6.938893903907228E-18    0.002129870129870058     31.34297294920617
-8.673617379884035E-19    6.938893903907228E-18    0.002155844155844083     31.00724639226891
-8.673617379884035E-19    6.938893903907228E-18    0.002181818181818112     30.68424817975672
-8.673617379884035E-19    6.938893903907228E-18    0.0022077922077921378    30.367737287951016
-8.673617379884035E-19    6.938893903907228E-18    0.0022337662337661634    30.05122639614524
-8.673617379884035E-19    6.938893903907228E-18    0.0022597402597401917    29.73471550433957
-8.673617379884035E-19    6.938893903907228E-18    0.0022857142857142165    29.4182046125338
-8.673617379884035E-19    6.938893903907228E-18    0.002311688311688242     29.10169372072795
-8.673617379884035E-19    6.938893903907228E-18    0.002337662337662268     28.788902796909564
-8.673617379884035E-19    6.938893903907228E-18    0.002363636363636296     28.47530399915135
-8.673617379884035E-19    6.938893903907228E-18    0.0023896103896103218    28.146705783302536
-8.673617379884035E-19    6.938893903907228E-18    0.0024155844155843466    27.859856441608102
-8.673617379884035E-19    6.938893903907228E-18    0.0024415584415583757    27.57300709991357
-8.673617379884035E-19    6.938893903907228E-18    0.0024675324675324005    27.28615775821915
-8.673617379884035E-19    6.938893903907228E-18    0.002493506493506427     26.999308416524645
-8.673617379884035E-19    6.938893903907228E-18    0.0025194805194804553    26.712459074830186
-8.673617379884035E-19    6.938893903907228E-18    0.00254545454545448      26.425609733135673
-8.673617379884035E-19    6.938893903907228E-18    0.002571428571428506     26.15129076305671
-8.673617379884035E-19    6.938893903907228E-18    0.0025974025974025306    25.869370709039828
-8.673617379884035E-19    6.938893903907228E-18    0.0026233766233765598    25.581476374840232
-8.673617379884035E-19    6.938893903907228E-18    0.0026493506493505846    25.294639945471232
-8.673617379884035E-19    6.938893903907228E-18    0.002675324675324611     25.00780351610237
-8.673617379884035E-19    6.938893903907228E-18    0.0027012987012986385    24.701399106474412
-8.673617379884035E-19    6.938893903907228E-18    0.002727272727272664     24.448186052195183
-8.673617379884035E-19    6.938893903907228E-18    0.0027532467532466907    24.194972997915897
-8.673617379884035E-19    6.938893903907228E-18    0.002779220779220718     23.941759943636626
-8.673617379884035E-19    6.938893903907228E-18    0.0028051948051947447    23.69185699878721
-8.673617379884035E-19    6.938893903907228E-18    0.0028311688311687686    23.434173355843246
-8.673617379884035E-19    6.938893903907228E-18    0.0028571428571427977    23.17648971289917
-8.673617379884035E-19    6.938893903907228E-18    0.0028831168831168243    22.91880606995514
-8.673617379884035E-19    6.938893903907228E-18    0.002909090909090848     22.661122427011165
-8.673617379884035E-19    6.938893903907228E-18    0.0029350649350648747    22.403438784067085
-8.673617379884035E-19    6.938893903907228E-18    0.002961038961038902     22.145755141123082
-8.673617379884035E-19    6.938893903907228E-18    0.002987012987012928     21.888071498179002
-8.673617379884035E-19    6.938893903907228E-18    0.0030129870129869544    21.630387855235
-8.673617379884035E-19    6.938893903907228E-18    0.0030389610389609818    21.372704212290955
-8.673617379884035E-19    6.938893903907228E-18    0.0030649350649350083    21.11502056934691
-8.673617379884035E-19    6.938893903907228E-18    0.0030909090909090322    20.912654844789444
-8.673617379884035E-19    6.938893903907228E-18    0.0031168831168830614    20.662814867456422
-8.673617379884035E-19    6.938893903907228E-18    0.003142857142857086     20.437866749258703
-8.673617379884035E-19    6.938893903907228E-18    0.003168831168831112     20.2077563547159
-8.673617379884035E-19    6.938893903907228E-18    0.0031948051948051384    19.977645960173128
-8.673617379884035E-19    6.938893903907228E-18    0.003220779220779166     19.747535565630386
-8.673617379884035E-19    6.938893903907228E-18    0.0032467532467531923    19.517425171087595
-8.673617379884035E-19    6.938893903907228E-18    0.0032727272727272163    19.272838059510747
-8.673617379884035E-19    6.938893903907228E-18    0.0032987012987012454    19.040407637533214
-8.673617379884035E-19    6.938893903907228E-18    0.003324675324675272     18.807977215555777
-8.673617379884035E-19    6.938893903907228E-18    0.003350649350649296     18.57554679357834
-8.673617379884035E-19    6.938893903907228E-18    0.003376623376623326     18.343116371600825
-8.673617379884035E-19    6.938893903907228E-18    0.00340259740259735      18.130225019844858
-8.673617379884035E-19    6.938893903907228E-18    0.0034285714285713764    17.915376558805853
-8.673617379884035E-19    6.938893903907228E-18    0.0034545454545454038    17.70052809776689
-8.673617379884035E-19    6.938893903907228E-18    0.0034805194805194294    17.48567963672793
-8.673617379884035E-19    6.938893903907228E-18    0.003506493506493456     17.27083117568891
-8.673617379884035E-19    6.938893903907228E-18    0.00353246753246748      17.053905708994087
-8.673617379884035E-19    6.938893903907228E-18    0.003558441558441509     16.84425136296829
-8.673617379884035E-19    6.938893903907228E-18    0.003584415584415534     16.63248749207032
-8.673617379884035E-19    6.938893903907228E-18    0.0036103896103895595    16.420723621172314
-8.673617379884035E-19    6.938893903907228E-18    0.0036363636363635895    16.20895975027424
-8.673617379884035E-19    6.938893903907228E-18    0.0036623376623376135    15.997195879376267
-8.673617379884035E-19    6.938893903907228E-18    0.00368831168831164      15.791186794893967
-8.673617379884035E-19    6.938893903907228E-18    0.0037142857142856674    15.590219520717604
-8.673617379884035E-19    6.938893903907228E-18    0.003740259740259693     15.389252246541275
-8.673617379884035E-19    6.938893903907228E-18    0.0037662337662337196    15.188284972364954
-8.673617379884035E-19    6.938893903907228E-18    0.0037922077922077435    14.988886771580042
-8.673617379884035E-19    6.938893903907228E-18    0.0038181818181817736    14.792454003572665
-8.673617379884035E-19    6.938893903907228E-18    0.0038441558441557975    14.587641968853148
-8.673617379884035E-19    6.938893903907228E-18    0.003870129870129824     14.38929565598032
-8.673617379884035E-19    6.938893903907228E-18    0.0038961038961038514    14.19094934310745
-8.673617379884035E-19    6.938893903907228E-18    0.003922077922077877     13.992603030234664
-8.673617379884035E-19    6.938893903907228E-18    0.003948051948051904     13.794256717361755
-8.673617379884035E-19    6.938893903907228E-18    0.003974025974025931     13.59591040448894
-8.673617379884035E-19    6.938893903907228E-18    0.003999999999999958     13.401419920977052
-8.673617379884035E-19    6.938893903907228E-18    0.0040259740259739815    13.221313698285513
-8.673617379884035E-19    6.938893903907228E-18    0.004051948051948011     13.041207475593946
-8.673617379884035E-19    6.938893903907228E-18    0.004077922077922037     12.861101252902385
-8.673617379884035E-19    6.938893903907228E-18    0.004103896103896061     12.680995030210866
-8.673617379884035E-19    6.938893903907228E-18    0.004129870129870088     12.500888807519328
-8.673617379884035E-19    6.938893903907228E-18    0.004155844155844115     12.32078258482779
-8.673617379884035E-19    6.938893903907228E-18    0.004181818181818141     12.147301478061244
-8.673617379884035E-19    6.938893903907228E-18    0.004207792207792167     11.966676043804362
-8.673617379884035E-19    6.938893903907228E-18    0.004233766233766195     11.78605060954752
-8.673617379884035E-19    6.938893903907228E-18    0.004259740259740221     11.605425175290655
-8.673617379884035E-19    6.938893903907228E-18    0.004285714285714245     11.424799741033794
-8.673617379884035E-19    6.938893903907228E-18    0.004311688311688274     11.24119764925491
-8.673617379884035E-19    6.938893903907228E-18    0.004337662337662299     11.075408437770804
-8.673617379884035E-19    6.938893903907228E-18    0.004363636363636325     10.909619226286758
-8.673617379884035E-19    6.938893903907228E-18    0.004389610389610351     10.743830014802635
-8.673617379884035E-19    6.938893903907228E-18    0.004415584415584379     10.578040803318524
-8.673617379884035E-19    6.938893903907228E-18    0.004441558441558405     10.41225159183443
-8.673617379884035E-19    6.938893903907228E-18    0.004467532467532429     10.246462380350359
-8.673617379884035E-19    6.938893903907228E-18    0.004493506493506458     10.080673168866248
-8.673617379884035E-19    6.938893903907228E-18    0.004519480519480485     9.91488395738218
-8.673617379884035E-19    6.938893903907228E-18    0.004545454545454509     9.748714498215513
-8.673617379884035E-19    6.938893903907228E-18    0.004571428571428538     9.589980007017303
-8.673617379884035E-19    6.938893903907228E-18    0.004597402597402563     9.441466348124237
-8.673617379884035E-19    6.938893903907228E-18    0.004623376623376589     9.292952689231129
-8.673617379884035E-19    6.938893903907228E-18    0.004649350649350617     9.144439030338013
-8.673617379884035E-19    6.938893903907228E-18    0.004675324675324642     8.995925371444933
-8.673617379884035E-19    6.938893903907228E-18    0.004701298701298669     8.844125447868628
-8.673617379884035E-19    6.938893903907228E-18    0.004727272727272693     8.69127834613613
-8.673617379884035E-19    6.938893903907228E-18    0.004753246753246722     8.538431244403693
-8.673617379884035E-19    6.938893903907228E-18    0.004779220779220747     8.385584142671274
-8.673617379884035E-19    6.938893903907228E-18    0.0048051948051947724    8.23273704093883
-8.673617379884035E-19    6.938893903907228E-18    0.0048311688311688025    8.09942294503724
-8.673617379884035E-19    6.938893903907228E-18    0.004857142857142826     7.9690049907278535
-8.673617379884035E-19    6.938893903907228E-18    0.004883116883116853     7.838587036418502
-8.673617379884035E-19    6.938893903907228E-18    0.00490909090909088      7.70816908210913
-8.673617379884035E-19    6.938893903907228E-18    0.004935064935064906     7.577751127799777
-8.673617379884035E-19    6.938893903907228E-18    0.0049610389610389325    7.448920178059051
-8.673617379884035E-19    6.938893903907228E-18    0.00498701298701296      7.317236052759598
-8.673617379884035E-19    6.938893903907228E-18    0.0050129870129869865    7.185551927460148
-8.673617379884035E-19    6.938893903907228E-18    0.00503896103896101      7.0538678021607035
-8.673617379884035E-19    6.938893903907228E-18    0.005064935064935037     6.928927266906253
-8.673617379884035E-19    6.938893903907228E-18    0.005090909090909064     6.800371328547037
-8.673617379884035E-19    6.938893903907228E-18    0.00511688311688309      6.672835132948899
-8.673617379884035E-19    6.938893903907228E-18    0.005142857142857117     6.56164512334022
-8.673617379884035E-19    6.938893903907228E-18    0.005168831168831144     6.448293940212425
-8.673617379884035E-19    6.938893903907228E-18    0.0051948051948051705    6.33149794821718
-8.673617379884035E-19    6.938893903907228E-18    0.0052207792207791945    6.214701956221968
-8.673617379884035E-19    6.938893903907228E-18    0.005246753246753224     6.097905964226727
-8.673617379884035E-19    6.938893903907228E-18    0.00527272727272725      5.981109972231488
-8.673617379884035E-19    6.938893903907228E-18    0.005298701298701274     5.864313980236276
-8.673617379884035E-19    6.938893903907228E-18    0.0053246753246753       5.747517988241063
-8.673617379884035E-19    6.938893903907228E-18    0.005350649350649328     5.630721996245801
-8.673617379884035E-19    6.938893903907228E-18    0.0053766233766233545    5.5314175596567665
-8.673617379884035E-19    6.938893903907228E-18    0.00540259740259738      5.436745348893741
-8.673617379884035E-19    6.938893903907228E-18    0.005428571428571408     5.342073138130726
-8.673617379884035E-19    6.938893903907228E-18    0.005454545454545434     5.247400927367672
-8.673617379884035E-19    6.938893903907228E-18    0.005480519480519458     5.152728716604674
-8.673617379884035E-19    6.938893903907228E-18    0.005506493506493487     5.066280067393377
-8.673617379884035E-19    6.938893903907228E-18    0.005532467532467512     4.972124026199342
-8.673617379884035E-19    6.938893903907228E-18    0.005558441558441539     4.860191068564956
-8.673617379884035E-19    6.938893903907228E-18    0.005584415584415565     4.772351333864123
-8.673617379884035E-19    6.938893903907228E-18    0.005610389610389592     4.684511599163295
-8.673617379884035E-19    6.938893903907228E-18    0.005636363636363618     4.596671864462479
-8.673617379884035E-19    6.938893903907228E-18    0.005662337662337642     4.508832129761659
-8.673617379884035E-19    6.938893903907228E-18    0.005688311688311671     4.420992395060823
-8.673617379884035E-19    6.938893903907228E-18    0.005714285714285698     4.333152660359997
-8.673617379884035E-19    6.938893903907228E-18    0.005740259740259723     4.245312925659176
-8.673617379884035E-19    6.938893903907228E-18    0.005766233766233751     4.15747319095834
-8.673617379884035E-19    6.938893903907228E-18    0.005792207792207776     4.091158441165435
-8.673617379884035E-19    6.938893903907228E-18    0.005818181818181802     4.007491547905462
-8.673617379884035E-19    6.938893903907228E-18    0.005844155844155829     3.9345302649994123
-8.673617379884035E-19    6.938893903907228E-18    0.005870129870129855     3.86569852729376
-8.673617379884035E-19    6.938893903907228E-18    0.005896103896103882     3.7951582767465837
-8.673617379884035E-19    6.938893903907228E-18    0.005922077922077906     3.724618026199405
-8.673617379884035E-19    6.938893903907228E-18    0.005948051948051935     3.6428843936512907
-8.673617379884035E-19    6.938893903907228E-18    0.00597402597402596      3.5758529215525634
-8.673617379884035E-19    6.938893903907228E-18    0.005999999999999986     3.5088214494538326
-8.673617379884035E-19    6.938893903907228E-18    0.006025974025974013     3.4417899773551053
-8.673617379884035E-19    6.938893903907228E-18    0.006051948051948039     3.3747585052563753
-8.673617379884035E-19    6.938893903907228E-18    0.006077922077922066     3.30772703315765
-8.673617379884035E-19    6.938893903907228E-18    0.006103896103896093     3.2372560621668542
-8.673617379884035E-19    6.938893903907228E-18    0.006129870129870119     3.168282447525427
-8.673617379884035E-19    6.938893903907228E-18    0.0061558441558441455    3.106233482049766
-8.673617379884035E-19    6.938893903907228E-18    0.006181818181818173     3.0534673008861946
-8.673617379884035E-19    6.938893903907228E-18    0.0062077922077921985    3.0007011197226534
-8.673617379884035E-19    6.938893903907228E-18    0.006233766233766223     2.9470922988183386
-8.673617379884035E-19    6.938893903907228E-18    0.00625974025974025      2.892057361013486
-8.673617379884035E-19    6.938893903907228E-18    0.006285714285714277     2.837022423208639
-8.673617379884035E-19    6.938893903907228E-18    0.006311688311688303     2.7795627791436885
-8.673617379884035E-19    6.938893903907228E-18    0.0063376623376623295    2.7218510904070112
-8.673617379884035E-19    6.938893903907228E-18    0.006363636363636357     2.6641394016703095
-8.673617379884035E-19    6.938893903907228E-18    0.006389610389610383     2.6109736108726285
-8.673617379884035E-19    6.938893903907228E-18    0.006415584415584407     2.5664920666623514
-8.673617379884035E-19    6.938893903907228E-18    0.0064415584415584365    2.52201052245206
-8.673617379884035E-19    6.938893903907228E-18    0.0064675324675324605    2.4786085356723753
-8.673617379884035E-19    6.938893903907228E-18    0.006493506493506487     2.432074208303793
-8.673617379884035E-19    6.938893903907228E-18    0.0065194805194805135    2.385539880935198
-8.673617379884035E-19    6.938893903907228E-18    0.006545454545454541     2.339005553566613
-8.673617379884035E-19    6.938893903907228E-18    0.006571428571428567     2.2924712261980176
-8.673617379884035E-19    6.938893903907228E-18    0.006597402597402593     2.246985068470064
-8.673617379884035E-19    6.938893903907228E-18    0.0066233766233766206    2.196479511119527
-8.673617379884035E-19    6.938893903907228E-18    0.006649350649350646     2.1589865990049226
-8.673617379884035E-19    6.938893903907228E-18    0.006675324675324671     2.1214936868903003
-8.673617379884035E-19    6.938893903907228E-18    0.006701298701298701     2.0835657207798732
-8.673617379884035E-19    6.938893903907228E-18    0.006727272727272725     2.044564435367033
-8.673617379884035E-19    6.938893903907228E-18    0.006753246753246751     2.0055631499541855
-8.673617379884035E-19    6.938893903907228E-18    0.006779220779220779     1.9665618645413288
-8.673617379884035E-19    6.938893903907228E-18    0.006805194805194805     1.9275605791284898
-8.673617379884035E-19    6.938893903907228E-18    0.00683116883116883      1.8885592937156375
-8.673617379884035E-19    6.938893903907228E-18    0.006857142857142855     1.8675218813584675
-8.673617379884035E-19    6.938893903907228E-18    0.006883116883116884     1.8320884510577162
-8.673617379884035E-19    6.938893903907228E-18    0.006909090909090909     1.796655020756976
-8.673617379884035E-19    6.938893903907228E-18    0.006935064935064935     1.7493037937312703
-8.673617379884035E-19    6.938893903907228E-18    0.006961038961038965     1.7198609856293592
-8.673617379884035E-19    6.938893903907228E-18    0.006987012987012989     1.69041817752744
-8.673617379884035E-19    6.938893903907228E-18    0.007012987012987014     1.6609753694255258
-8.673617379884035E-19    6.938893903907228E-18    0.0070389610389610426    1.6315325613236036
-8.673617379884035E-19    6.938893903907228E-18    0.007064935064935068     1.6020897532216907
-8.673617379884035E-19    6.938893903907228E-18    0.007090909090909094     1.5726469451197733
-8.673617379884035E-19    6.938893903907228E-18    0.007116883116883119     1.5432041370178577
-8.673617379884035E-19    6.938893903907228E-18    0.007142857142857149     1.5137613289159404
-8.673617379884035E-19    6.938893903907228E-18    0.007168831168831173     1.4843185208140248
-8.673617379884035E-19    6.938893903907228E-18    0.007194805194805198     1.464761002277962
-8.673617379884035E-19    6.938893903907228E-18    0.007220779220779227     1.4205684968844121
-8.673617379884035E-19    6.938893903907228E-18    0.007246753246753252     1.3982285809360029
-8.673617379884035E-19    6.938893903907228E-18    0.007272727272727278     1.3758886649875937
-8.673617379884035E-19    6.938893903907228E-18    0.007298701298701306     1.3535487490391809
-8.673617379884035E-19    6.938893903907228E-18    0.007324675324675333     1.331208833090769
-8.673617379884035E-19    6.938893903907228E-18    0.007350649350649357     1.3088689171423615
-8.673617379884035E-19    6.938893903907228E-18    0.007376623376623386     1.286529001193947
-8.673617379884035E-19    6.938893903907228E-18    0.007402597402597412     1.2641890852455373
-8.673617379884035E-19    6.938893903907228E-18    0.007428571428571436     1.2418491692971307
-8.673617379884035E-19    6.938893903907228E-18    0.007454545454545462     1.2195092533487193
-8.673617379884035E-19    6.938893903907228E-18    0.00748051948051949      1.1971693374003085
-8.673617379884035E-19    6.938893903907228E-18    0.007506493506493517     1.1748294214518968
-8.673617379884035E-19    6.938893903907228E-18    0.0075324675324675424    1.1524895055034845
-8.673617379884035E-19    6.938893903907228E-18    0.00755844155844157      1.1407729264589719
-8.673617379884035E-19    6.938893903907228E-18    0.007584415584415596     1.1181261882698172
-8.673617379884035E-19    6.938893903907228E-18    0.00761038961038962      1.0983821974703685
-8.673617379884035E-19    6.938893903907228E-18    0.0076363636363636495    1.0780339947880635
-8.673617379884035E-19    6.938893903907228E-18    0.007662337662337674     1.057685792105755
-8.673617379884035E-19    6.938893903907228E-18    0.0076883116883117       1.0373375894234471
-8.673617379884035E-19    6.938893903907228E-18    0.007714285714285726     1.0169893867411381
-8.673617379884035E-19    6.938893903907228E-18    0.007740259740259754     1.0071906899904697
-8.673617379884035E-19    6.938893903907228E-18    0.00776623376623378      0.9829144926747208
-8.673617379884035E-19    6.938893903907228E-18    0.007792207792207804     0.9672458557342163
-8.673617379884035E-19    6.938893903907228E-18    0.007818181818181833     0.9515772187937118
-8.673617379884035E-19    6.938893903907228E-18    0.00784415584415586      0.9359085818532087
-8.673617379884035E-19    6.938893903907228E-18    0.007870129870129885     0.9202399449127061
-8.673617379884035E-19    6.938893903907228E-18    0.007896103896103913     0.904571307972201
-8.673617379884035E-19    6.938893903907228E-18    0.007922077922077938     0.8889026710316981
-8.673617379884035E-19    6.938893903907228E-18    0.007948051948051964     0.8732340340911972
-8.673617379884035E-19    6.938893903907228E-18    0.007974025974025991     0.8575653971506891
-8.673617379884035E-19    6.938893903907228E-18    0.008000000000000018     0.8481917708129874
-8.673617379884035E-19    6.938893903907228E-18    0.008025974025974044     0.8323731787284512
-8.673617379884035E-19    6.938893903907228E-18    0.008051948051948067     0.8179919321153282
-8.673617379884035E-19    6.938893903907228E-18    0.008077922077922097     0.8050418732657292
-8.673617379884035E-19    6.938893903907228E-18    0.008103896103896122     0.7879760851533053
-8.673617379884035E-19    6.938893903907228E-18    0.008129870129870148     0.7758886301333048
-8.673617379884035E-19    6.938893903907228E-18    0.008155844155844177     0.7638011751133043
-8.673617379884035E-19    6.938893903907228E-18    0.008181818181818202     0.7517137200933073
-8.673617379884035E-19    6.938893903907228E-18    0.008207792207792228     0.7396262650733079
-8.673617379884035E-19    6.938893903907228E-18    0.008233766233766255     0.7275388100533102
-8.673617379884035E-19    6.938893903907228E-18    0.008259740259740281     0.7154513550333095
-8.673617379884035E-19    6.938893903907228E-18    0.008285714285714308     0.7033639000133127
-8.673617379884035E-19    6.938893903907228E-18    0.008311688311688336     0.6944485289825164
-8.673617379884035E-19    6.938893903907228E-18    0.00833766233766236      0.6834043949356547
-8.673617379884035E-19    6.938893903907228E-18    0.008363636363636386     0.6699932324828144
-8.673617379884035E-19    6.938893903907228E-18    0.008389610389610412     0.6599884392576991
-8.673617379884035E-19    6.938893903907228E-18    0.008415584415584439     0.6499836460325823
-8.673617379884035E-19    6.938893903907228E-18    0.008441558441558465     0.6399788528074652
-8.673617379884035E-19    6.938893903907228E-18    0.008467532467532492     0.6297925892421898
-8.673617379884035E-19    6.938893903907228E-18    0.008493506493506518     0.6201859750030698
-8.673617379884035E-19    6.938893903907228E-18    0.008519480519480545     0.6105793607639479
-8.673617379884035E-19    6.938893903907228E-18    0.00854545454545457      0.6009727465248271
-8.673617379884035E-19    6.938893903907228E-18    0.008571428571428598     0.5913661322857069
-8.673617379884035E-19    6.938893903907228E-18    0.008597402597402624     0.5817595180465861
-8.673617379884035E-19    6.938893903907228E-18    0.00862337662337665      0.5721529038074652
-8.673617379884035E-19    6.938893903907228E-18    0.008649350649350676     0.5645292327827884
-8.673617379884035E-19    6.938893903907228E-18    0.008675324675324702     0.5551482759914677
-8.673617379884035E-19    6.938893903907228E-18    0.008701298701298729     0.5470831236345963
-8.673617379884035E-19    6.938893903907228E-18    0.008727272727272755     0.539017971277725
-8.673617379884035E-19    6.938893903907228E-18    0.008753246753246784     0.5309528189208526
-8.673617379884035E-19    6.938893903907228E-18    0.008779220779220808     0.5228876665639821
-8.673617379884035E-19    6.938893903907228E-18    0.008805194805194833     0.5148225142071108
-8.673617379884035E-19    6.938893903907228E-18    0.008831168831168863     0.5065599087508389
-8.673617379884035E-19    6.938893903907228E-18    0.008857142857142886     0.4988314327031097
-8.673617379884035E-19    6.938893903907228E-18    0.008883116883116913     0.49110295665537973
-8.673617379884035E-19    6.938893903907228E-18    0.008909090909090943     0.48496883702628324
-8.673617379884035E-19    6.938893903907228E-18    0.008935064935064966     0.47802463409440876
-8.673617379884035E-19    6.938893903907228E-18    0.008961038961038992     0.47108043116253684
-8.673617379884035E-19    6.938893903907228E-18    0.008987012987013017     0.4641362282306625
-8.673617379884035E-19    6.938893903907228E-18    0.009012987012987046     0.45719202529878894
-8.673617379884035E-19    6.938893903907228E-18    0.009038961038961072     0.4489973211061669
-8.673617379884035E-19    6.938893903907228E-18    0.009064935064935097     0.44292366950111145
-8.673617379884035E-19    6.938893903907228E-18    0.009090909090909127     0.4368500178960528
-8.673617379884035E-19    6.938893903907228E-18    0.00911688311688315      0.43077636629099686
-8.673617379884035E-19    6.938893903907228E-18    0.009142857142857177     0.4247027146859402
-8.673617379884035E-19    6.938893903907228E-18    0.009168831168831205     0.41862906308088227
-8.673617379884035E-19    6.938893903907228E-18    0.009194805194805231     0.41298755752937266
-8.673617379884035E-19    6.938893903907228E-18    0.009220779220779256     0.40739710369482407
-8.673617379884035E-19    6.938893903907228E-18    0.009246753246753281     0.4018066498602774
-8.673617379884035E-19    6.938893903907228E-18    0.009272727272727311     0.39621619602572855
-8.673617379884035E-19    6.938893903907228E-18    0.009298701298701334     0.39062574219118207
-8.673617379884035E-19    6.938893903907228E-18    0.00932467532467536      0.3850352883566339
-8.673617379884035E-19    6.938893903907228E-18    0.00935064935064939      0.3793748650258899
-8.673617379884035E-19    6.938893903907228E-18    0.009376623376623414     0.3738010303787662
-8.673617379884035E-19    6.938893903907228E-18    0.00940259740259744      0.36766630751728246
-8.673617379884035E-19    6.938893903907228E-18    0.009428571428571468     0.3632872158076873
-8.673617379884035E-19    6.938893903907228E-18    0.009454545454545495     0.35890812409809236
-8.673617379884035E-19    6.938893903907228E-18    0.00948051948051952      0.35452903238849665
-8.673617379884035E-19    6.938893903907228E-18    0.009506493506493548     0.35014994067890004
-8.673617379884035E-19    6.938893903907228E-18    0.009532467532467575     0.3457708489693051
-8.673617379884035E-19    6.938893903907228E-18    0.0095584415584416       0.34139175725971055
-8.673617379884035E-19    6.938893903907228E-18    0.009584415584415624     0.33660394394550336
-8.673617379884035E-19    6.938893903907228E-18    0.009610389610389652     0.33200314888444826
-8.673617379884035E-19    6.938893903907228E-18    0.009636363636363679     0.3274023538233938
-8.673617379884035E-19    6.938893903907228E-18    0.009662337662337704     0.32280155876233846
-8.673617379884035E-19    6.938893903907228E-18    0.009688311688311732     0.31820076370128025
-8.673617379884035E-19    6.938893903907228E-18    0.009714285714285759     0.31515646540586917
-8.673617379884035E-19    6.938893903907228E-18    0.009740259740259782     0.31125937848670593
-8.673617379884035E-19    6.938893903907228E-18    0.009766233766233812     0.3060706044656767
-8.673617379884035E-19    6.938893903907228E-18    0.009792207792207838     0.30245520875277165
-8.673617379884035E-19    6.938893903907228E-18    0.009818181818181861     0.2988398130398655
-8.673617379884035E-19    6.938893903907228E-18    0.009844155844155888     0.29522441732695964
-8.673617379884035E-19    6.938893903907228E-18    0.009870129870129916     0.29160902161405333
-8.673617379884035E-19    6.938893903907228E-18    0.009896103896103943     0.2879936259011483
-8.673617379884035E-19    6.938893903907228E-18    0.009922077922077967     0.2843782301882425
-8.673617379884035E-19    6.938893903907228E-18    0.009948051948051996     0.2807628344753359
-8.673617379884035E-19    6.938893903907228E-18    0.009974025974026022     0.277580825065341
-8.673617379884035E-19    6.938893903907228E-18    0.010000000000000047     0.2743092969647116
-8.673617379884035E-19    6.938893903907228E-18    0.010025974025974075     0.27103776886408393
-8.673617379884035E-19    6.938893903907228E-18    0.0100519480519481       0.26776624076345423
-8.673617379884035E-19    6.938893903907228E-18    0.010077922077922127     0.2648973836068653
-8.673617379884035E-19    6.938893903907228E-18    0.010103896103896155     0.26119293713881975
-8.673617379884035E-19    6.938893903907228E-18    0.01012987012987018      0.25818147370807365
-8.673617379884035E-19    6.938893903907228E-18    0.010155844155844206     0.25517001027732666
-8.673617379884035E-19    6.938893903907228E-18    0.01018181818181823      0.25215854684658
-8.673617379884035E-19    6.938893903907228E-18    0.01020779220779226      0.24914708341583258
-8.673617379884035E-19    6.938893903907228E-18    0.010233766233766286     0.24613561998508648
-8.673617379884035E-19    6.938893903907228E-18    0.010259740259740309     0.24312415655433983
-8.673617379884035E-19    6.938893903907228E-18    0.010285714285714339     0.24054391499122407
-8.673617379884035E-19    6.938893903907228E-18    0.010311688311688364     0.23805844601664305
-8.673617379884035E-19    6.938893903907228E-18    0.01033766233766239      0.23557297704206215
-8.673617379884035E-19    6.938893903907228E-18    0.010363636363636417     0.23308750806748046
-8.673617379884035E-19    6.938893903907228E-18    0.010389610389610443     0.23034430100351624
-8.673617379884035E-19    6.938893903907228E-18    0.01041558441558447      0.22794972124319507
-8.673617379884035E-19    6.938893903907228E-18    0.010441558441558495     0.2255551414828758
-8.673617379884035E-19    6.938893903907228E-18    0.010467532467532523     0.223160561722555
-8.673617379884035E-19    6.938893903907228E-18    0.010493506493506548     0.22076598196223507
-8.673617379884035E-19    6.938893903907228E-18    0.010519480519480574     0.2183714022019147
-8.673617379884035E-19    6.938893903907228E-18    0.010545454545454603     0.21597682244159433
-8.673617379884035E-19    6.938893903907228E-18    0.010571428571428627     0.21358224268127457
-8.673617379884035E-19    6.938893903907228E-18    0.010597402597402654     0.2111821900461195
-8.673617379884035E-19    6.938893903907228E-18    0.01062337662337668      0.2092746054526678
-8.673617379884035E-19    6.938893903907228E-18    0.010649350649350707     0.2071949153055616
-8.673617379884035E-19    6.938893903907228E-18    0.010675324675324734     0.20511522515845543
-8.673617379884035E-19    6.938893903907228E-18    0.01070129870129876      0.20303553501134947
-8.673617379884035E-19    6.938893903907228E-18    0.010727272727272787     0.2009558448642429
-8.673617379884035E-19    6.938893903907228E-18    0.010753246753246811     0.19887615471713715
-8.673617379884035E-19    6.938893903907228E-18    0.010779220779220838     0.19680922815083035
-8.673617379884035E-19    6.938893903907228E-18    0.010805194805194865     0.19503034837374905
-8.673617379884035E-19    6.938893903907228E-18    0.010831168831168891     0.19325146859666847
-8.673617379884035E-19    6.938893903907228E-18    0.010857142857142918     0.19147258881958792
-8.673617379884035E-19    6.938893903907228E-18    0.010883116883116944     0.18969370904250735
-8.673617379884035E-19    6.938893903907228E-18    0.01090909090909097      0.18791482926542635
-8.673617379884035E-19    6.938893903907228E-18    0.010935064935064995     0.18613594948834578
-8.673617379884035E-19    6.938893903907228E-18    0.010961038961039025     0.18435706971126498
-8.673617379884035E-19    6.938893903907228E-18    0.01098701298701305      0.18297599413193377
-8.673617379884035E-19    6.938893903907228E-18    0.011012987012987075     0.1813109736420337
-8.673617379884035E-19    6.938893903907228E-18    0.011038961038961102     0.1796081957979898
-8.673617379884035E-19    6.938893903907228E-18    0.011064935064935128     0.1779054179539461
-8.673617379884035E-19    6.938893903907228E-18    0.011090909090909155     0.1760012854137731
-8.673617379884035E-19    6.938893903907228E-18    0.011116883116883181     0.1746864067843194
-8.673617379884035E-19    6.938893903907228E-18    0.011142857142857208     0.1733715281548663
-8.673617379884035E-19    6.938893903907228E-18    0.011168831168831234     0.17205664952541333
-8.673617379884035E-19    6.938893903907228E-18    0.011194805194805259     0.1707417708959601
-8.673617379884035E-19    6.938893903907228E-18    0.011220779220779289     0.1694268922665068
-8.673617379884035E-19    6.938893903907228E-18    0.011246753246753312     0.1679508553341732
-8.673617379884035E-19    6.938893903907228E-18    0.011272727272727339     0.16654463296701955
-8.673617379884035E-19    6.938893903907228E-18    0.011298701298701369     0.1651384105998655
-8.673617379884035E-19    6.938893903907228E-18    0.011324675324675392     0.16373218823271085
-8.673617379884035E-19    6.938893903907228E-18    0.011350649350649418     0.16232596586555748
-8.673617379884035E-19    6.938893903907228E-18    0.011376623376623443     0.16091974349840377
-8.673617379884035E-19    6.938893903907228E-18    0.011402597402597473     0.15982096199574863
-8.673617379884035E-19    6.938893903907228E-18    0.011428571428571498     0.15894829432104157
-8.673617379884035E-19    6.938893903907228E-18    0.011454545454545523     0.15786591141939954
-8.673617379884035E-19    6.938893903907228E-18    0.011480519480519553     0.15678352851775726
-8.673617379884035E-19    6.938893903907228E-18    0.011506493506493576     0.1557011456161152
-8.673617379884035E-19    6.938893903907228E-18    0.011532467532467602     0.154586234452037
-8.673617379884035E-19    6.938893903907228E-18    0.01155844155844163      0.1535547772157525
-8.673617379884035E-19    6.938893903907228E-18    0.011584415584415655     0.15252331997946805
-8.673617379884035E-19    6.938893903907228E-18    0.011610389610389682     0.151491862743184
-8.673617379884035E-19    6.938893903907228E-18    0.01163636363636371      0.15046040550689935
-8.673617379884035E-19    6.938893903907228E-18    0.011662337662337737     0.14942894827061515
-8.673617379884035E-19    6.938893903907228E-18    0.01168831168831176      0.14839749103433075
-8.673617379884035E-19    6.938893903907228E-18    0.011714285714285786     0.14718773970304844
-8.673617379884035E-19    6.938893903907228E-18    0.011740259740259816     0.14641343590746297
-8.673617379884035E-19    6.938893903907228E-18    0.01176623376623384      0.14563913211187768
-8.673617379884035E-19    6.938893903907228E-18    0.011792207792207866     0.14486482831629205
-8.673617379884035E-19    6.938893903907228E-18    0.011818181818181894     0.14409052452070653
-8.673617379884035E-19    6.938893903907228E-18    0.01184415584415592      0.14331622072512112
-8.673617379884035E-19    6.938893903907228E-18    0.011870129870129946     0.14254191692953574
-8.673617379884035E-19    6.938893903907228E-18    0.011896103896103974     0.14176761313395025
-8.673617379884035E-19    6.938893903907228E-18    0.011922077922078        0.14101707725958376
-8.673617379884035E-19    6.938893903907228E-18    0.011948051948052024     0.1402422712166262
-8.673617379884035E-19    6.938893903907228E-18    0.01197402597402605      0.1394674651736687
-8.673617379884035E-19    6.938893903907228E-18    0.012000000000000078     0.13869265913071122
-8.673617379884035E-19    6.938893903907228E-18    0.012025974025974105     0.13844569051115505
-8.673617379884035E-19    6.938893903907228E-18    0.01205194805194813      0.13778757272739553
-8.673617379884035E-19    6.938893903907228E-18    0.012077922077922158     0.13712945494363604
-8.673617379884035E-19    6.938893903907228E-18    0.012103896103896184     0.13654677786927766
-8.673617379884035E-19    6.938893903907228E-18    0.012129870129870208     0.13538219309505345
-8.673617379884035E-19    6.938893903907228E-18    0.012155844155844238     0.13517609857349072
-8.673617379884035E-19    6.938893903907228E-18    0.012181818181818264     0.13468236474435324
-8.673617379884035E-19    6.938893903907228E-18    0.012207792207792289     0.13418863091521563
-8.673617379884035E-19    6.938893903907228E-18    0.012233766233766317     0.13369489708607818
-8.673617379884035E-19    6.938893903907228E-18    0.012259740259740342     0.1331814334674997
-8.673617379884035E-19    6.938893903907228E-18    0.012285714285714368     0.1326471565793791
-8.673617379884035E-19    6.938893903907228E-18    0.012311688311688393     0.13211287969125865
-8.673617379884035E-19    6.938893903907228E-18    0.012337662337662422     0.1315786028031379
-8.673617379884035E-19    6.938893903907228E-18    0.012363636363636448     0.1310443259150174
-8.673617379884035E-19    6.938893903907228E-18    0.012389610389610471     0.13051004902689692
-8.673617379884035E-19    6.938893903907228E-18    0.012415584415584501     0.12997577213877626
-8.673617379884035E-19    6.938893903907228E-18    0.012441558441558526     0.129853032058183
-8.673617379884035E-19    6.938893903907228E-18    0.012467532467532553     0.12958939384536516
-8.673617379884035E-19    6.938893903907228E-18    0.012493506493506579     0.12932575563254745
-8.673617379884035E-19    6.938893903907228E-18    0.012519480519480606     0.12906211741972964
-8.673617379884035E-19    6.938893903907228E-18    0.012545454545454632     0.12879847920691195
-8.673617379884035E-19    6.938893903907228E-18    0.012571428571428655     0.12853484099409412
-8.673617379884035E-19    6.938893903907228E-18    0.012597402597402685     0.1282712027812764
-8.673617379884035E-19    6.938893903907228E-18    0.012623376623376712     0.12800756456845866
-8.673617379884035E-19    6.938893903907228E-18    0.012649350649350737     0.12779743325594262
-8.673617379884035E-19    6.938893903907228E-18    0.012675324675324765     0.12745592330947053
-8.673617379884035E-19    6.938893903907228E-18    0.01270129870129879      0.1274795574427156
-8.673617379884035E-19    6.938893903907228E-18    0.012727272727272816     0.12736139088524803
-8.673617379884035E-19    6.938893903907228E-18    0.012753246753246843     0.12700666900336738
-8.673617379884035E-19    6.938893903907228E-18    0.01277922077922087      0.12687954397312978
-8.673617379884035E-19    6.938893903907228E-18    0.012805194805194896     0.1267524189428932
-8.673617379884035E-19    6.938893903907228E-18    0.012831168831168922     0.12662529391265454
-8.673617379884035E-19    6.938893903907228E-18    0.012857142857142949     0.12649816888241752
-8.673617379884035E-19    6.938893903907228E-18    0.012883116883116974     0.12637104385217887
-8.673617379884035E-19    6.938893903907228E-18    0.012909090909091        0.12624391882194178
-8.673617379884035E-19    6.938893903907228E-18    0.012935064935065027     0.1261167937917031
-8.673617379884035E-19    6.938893903907228E-18    0.012961038961039053     0.1259896687614686
-8.673617379884035E-19    6.938893903907228E-18    0.01298701298701308      0.1258625437312313
