% Model:              new_trap_efield_far.mph
% Version:            COMSOL 5.0.0.243
% Date:               Dec 2 2019, 13:24
% Dimension:          3
% Nodes:              1001
% Expressions:        1
% Description:        Electric field, x component
% Length unit:        m
% x                       y                        z                        es.Ex (V/m)
-0.012987012987013082     6.938893903907228E-18    -1.0408340855860843E-16  -0.12604812664821308
-0.012961038961039055     6.938893903907228E-18    -1.0408340855860843E-16  -0.12591278988062427
-0.012935064935065028     6.938893903907228E-18    -1.0408340855860843E-16  -0.12605988040186483
-0.012909090909091002     6.938893903907228E-18    -1.0408340855860843E-16  -0.12620697092310504
-0.012883116883116975     6.938893903907228E-18    -1.0408340855860843E-16  -0.12635406144434405
-0.012857142857142952     6.938893903907228E-18    -1.0408340855860843E-16  -0.12650115196558576
-0.012831168831168926     6.938893903907228E-18    -1.0408340855860843E-16  -0.12664824248682788
-0.0128051948051949       6.938893903907228E-18    -1.0408340855860843E-16  -0.12679533300806478
-0.012779220779220873     6.938893903907228E-18    -1.0408340855860843E-16  -0.12694242352930796
-0.012753246753246846     6.938893903907228E-18    -1.0408340855860843E-16  -0.12708951405054675
-0.01272727272727282      6.938893903907228E-18    -1.0408340855860843E-16  -0.12723660457178734
-0.012701298701298793     6.938893903907228E-18    -1.0408340855860843E-16  -0.12731183284841394
-0.012675324675324768     6.938893903907228E-18    -1.0408340855860843E-16  -0.12744352903107334
-0.01264935064935074      6.938893903907228E-18    -1.0408340855860843E-16  -0.12757522521373268
-0.012623376623376715     6.938893903907228E-18    -1.0408340855860843E-16  -0.12770692139639206
-0.01259740259740269      6.938893903907228E-18    -1.0408340855860843E-16  -0.12783861757905146
-0.012571428571428662     6.938893903907228E-18    -1.0408340855860843E-16  -0.12847877236559951
-0.012545454545454637     6.938893903907228E-18    -1.0408340855860843E-16  -0.12882171934873085
-0.01251948051948061      6.938893903907228E-18    -1.0408340855860843E-16  -0.12914850084646665
-0.012493506493506584     6.938893903907228E-18    -1.0408340855860843E-16  -0.12947528234420258
-0.012467532467532558     6.938893903907228E-18    -1.0408340855860843E-16  -0.12956749238634263
-0.012441558441558531     6.938893903907228E-18    -1.0408340855860843E-16  -0.1299930006394124
-0.012415584415584506     6.938893903907228E-18    -1.0408340855860843E-16  -0.13041850889248213
-0.01238961038961048      6.938893903907228E-18    -1.0408340855860843E-16  -0.13084401714555177
-0.012363636363636455     6.938893903907228E-18    -1.0408340855860843E-16  -0.13126952539862144
-0.012337662337662429     6.938893903907228E-18    -1.0408340855860843E-16  -0.1316950336516912
-0.012311688311688402     6.938893903907228E-18    -1.0408340855860843E-16  -0.13212054190476097
-0.012285714285714375     6.938893903907228E-18    -1.0408340855860843E-16  -0.13252742881832477
-0.012259740259740349     6.938893903907228E-18    -1.0408340855860843E-16  -0.1329382899770556
-0.012233766233766322     6.938893903907228E-18    -1.0408340855860843E-16  -0.1333491511357863
-0.012207792207792296     6.938893903907228E-18    -1.0408340855860843E-16  -0.13411881623284927
-0.01218181818181827      6.938893903907228E-18    -1.0408340855860843E-16  -0.13464126181639924
-0.012155844155844246     6.938893903907228E-18    -1.0408340855860843E-16  -0.13516370739994862
-0.012129870129870218     6.938893903907228E-18    -1.0408340855860843E-16  -0.1356861529834984
-0.012103896103896193     6.938893903907228E-18    -1.0408340855860843E-16  -0.13601490077811224
-0.012077922077922167     6.938893903907228E-18    -1.0408340855860843E-16  -0.13675612363245024
-0.01205194805194814      6.938893903907228E-18    -1.0408340855860843E-16  -0.13749734648678785
-0.012025974025974114     6.938893903907228E-18    -1.0408340855860843E-16  -0.1382694854944066
-0.012000000000000087     6.938893903907228E-18    -1.0408340855860843E-16  -0.1389763858968424
-0.01197402597402606      6.938893903907228E-18    -1.0408340855860843E-16  -0.13968328629927818
-0.011948051948052034     6.938893903907228E-18    -1.0408340855860843E-16  -0.14039018670171405
-0.01192207792207801      6.938893903907228E-18    -1.0408340855860843E-16  -0.14109708710414975
-0.011896103896103984     6.938893903907228E-18    -1.0408340855860843E-16  -0.14180398750658565
-0.011870129870129956     6.938893903907228E-18    -1.0408340855860843E-16  -0.1425108879090214
-0.011844155844155931     6.938893903907228E-18    -1.0408340855860843E-16  -0.14321778831145776
-0.011818181818181905     6.938893903907228E-18    -1.0408340855860843E-16  -0.14378326193468216
-0.011792207792207878     6.938893903907228E-18    -1.0408340855860843E-16  -0.14493149145046955
-0.011766233766233852     6.938893903907228E-18    -1.0408340855860843E-16  -0.14577090431403017
-0.011740259740259825     6.938893903907228E-18    -1.0408340855860843E-16  -0.14673931100771653
-0.011714285714285799     6.938893903907228E-18    -1.0408340855860843E-16  -0.14770771770140256
-0.011688311688311772     6.938893903907228E-18    -1.0408340855860843E-16  -0.14867612439508887
-0.011662337662337749     6.938893903907228E-18    -1.0408340855860843E-16  -0.14964453108877512
-0.01163636363636372      6.938893903907228E-18    -1.0408340855860843E-16  -0.15055109896208196
-0.011610389610389696     6.938893903907228E-18    -1.0408340855860843E-16  -0.15147713350009895
-0.01158441558441567      6.938893903907228E-18    -1.0408340855860843E-16  -0.1524031680381161
-0.011558441558441643     6.938893903907228E-18    -1.0408340855860843E-16  -0.1533292025761333
-0.011532467532467616     6.938893903907228E-18    -1.0408340855860843E-16  -0.1542552371141504
-0.01150649350649359      6.938893903907228E-18    -1.0408340855860843E-16  -0.15518127165216775
-0.011480519480519565     6.938893903907228E-18    -1.0408340855860843E-16  -0.1562238551520343
-0.011454545454545537     6.938893903907228E-18    -1.0408340855860843E-16  -0.15754482767111802
-0.011428571428571512     6.938893903907228E-18    -1.0408340855860843E-16  -0.15886580019020227
-0.011402597402597487     6.938893903907228E-18    -1.0408340855860843E-16  -0.160186772709286
-0.011376623376623459     6.938893903907228E-18    -1.0408340855860843E-16  -0.16150774522836983
-0.011350649350649434     6.938893903907228E-18    -1.0408340855860843E-16  -0.16280033242920178
-0.011324675324675407     6.938893903907228E-18    -1.0408340855860843E-16  -0.16402308485636713
-0.011298701298701381     6.938893903907228E-18    -1.0408340855860843E-16  -0.16524583728353254
-0.011272727272727354     6.938893903907228E-18    -1.0408340855860843E-16  -0.16646858971069797
-0.011246753246753328     6.938893903907228E-18    -1.0408340855860843E-16  -0.16769134213786263
-0.011220779220779303     6.938893903907228E-18    -1.0408340855860843E-16  -0.1691692779973054
-0.011194805194805276     6.938893903907228E-18    -1.0408340855860843E-16  -0.17046703740407548
-0.011168831168831252     6.938893903907228E-18    -1.0408340855860843E-16  -0.17166917545877225
-0.011142857142857225     6.938893903907228E-18    -1.0408340855860843E-16  -0.17330123334284803
-0.011116883116883197     6.938893903907228E-18    -1.0408340855860843E-16  -0.17493329122692525
-0.011090909090909172     6.938893903907228E-18    -1.0408340855860843E-16  -0.1763293341976272
-0.011064935064935146     6.938893903907228E-18    -1.0408340855860843E-16  -0.17798724608307925
-0.011038961038961119     6.938893903907228E-18    -1.0408340855860843E-16  -0.17964515796853114
-0.011012987012987092     6.938893903907228E-18    -1.0408340855860843E-16  -0.18130306985398315
-0.010987012987013066     6.938893903907228E-18    -1.0408340855860843E-16  -0.18296098173943476
-0.010961038961039043     6.938893903907228E-18    -1.0408340855860843E-16  -0.18461889362488626
-0.010935064935065015     6.938893903907228E-18    -1.0408340855860843E-16  -0.18627680551033798
-0.01090909090909099      6.938893903907228E-18    -1.0408340855860843E-16  -0.18793471739579004
-0.010883116883116963     6.938893903907228E-18    -1.0408340855860843E-16  -0.18959262928124154
-0.010857142857142937     6.938893903907228E-18    -1.0408340855860843E-16  -0.1912505411666936
-0.01083116883116891      6.938893903907228E-18    -1.0408340855860843E-16  -0.19290845305214455
-0.010805194805194884     6.938893903907228E-18    -1.0408340855860843E-16  -0.19439381520209564
-0.010779220779220859     6.938893903907228E-18    -1.0408340855860843E-16  -0.19659356964263597
-0.01075324675324683      6.938893903907228E-18    -1.0408340855860843E-16  -0.19879332408317696
-0.010727272727272807     6.938893903907228E-18    -1.0408340855860843E-16  -0.20112464083810594
-0.010701298701298781     6.938893903907228E-18    -1.0408340855860843E-16  -0.20326638613801976
-0.010675324675324753     6.938893903907228E-18    -1.0408340855860843E-16  -0.20540813143793393
-0.010649350649350728     6.938893903907228E-18    -1.0408340855860843E-16  -0.20754987673784814
-0.010623376623376701     6.938893903907228E-18    -1.0408340855860843E-16  -0.20965350223608206
-0.010597402597402675     6.938893903907228E-18    -1.0408340855860843E-16  -0.2117611211082644
-0.010571428571428648     6.938893903907228E-18    -1.0408340855860843E-16  -0.21386873998044736
-0.010545454545454622     6.938893903907228E-18    -1.0408340855860843E-16  -0.21597635885263028
-0.010519480519480595     6.938893903907228E-18    -1.0408340855860843E-16  -0.21808397772481208
-0.010493506493506569     6.938893903907228E-18    -1.0408340855860843E-16  -0.22019159659699622
-0.010467532467532546     6.938893903907228E-18    -1.0408340855860843E-16  -0.22229921546917747
-0.010441558441558517     6.938893903907228E-18    -1.0408340855860843E-16  -0.22563695147886198
-0.010415584415584492     6.938893903907228E-18    -1.0408340855860843E-16  -0.22766967946346175
-0.010389610389610466     6.938893903907228E-18    -1.0408340855860843E-16  -0.23034091118757966
-0.01036363636363644      6.938893903907228E-18    -1.0408340855860843E-16  -0.23301214291169794
-0.010337662337662413     6.938893903907228E-18    -1.0408340855860843E-16  -0.2356833746358159
-0.010311688311688386     6.938893903907228E-18    -1.0408340855860843E-16  -0.23835460635993388
-0.010285714285714362     6.938893903907228E-18    -1.0408340855860843E-16  -0.24093737604199805
-0.010259740259740333     6.938893903907228E-18    -1.0408340855860843E-16  -0.24363387829681504
-0.010233766233766307     6.938893903907228E-18    -1.0408340855860843E-16  -0.2463303805516318
-0.010207792207792284     6.938893903907228E-18    -1.0408340855860843E-16  -0.24902688280644913
-0.010181818181818257     6.938893903907228E-18    -1.0408340855860843E-16  -0.2517233850612661
-0.01015584415584423      6.938893903907228E-18    -1.0408340855860843E-16  -0.25459769649199115
-0.010129870129870204     6.938893903907228E-18    -1.0408340855860843E-16  -0.25791788022397966
-0.010103896103896177     6.938893903907228E-18    -1.0408340855860843E-16  -0.26123806395597
-0.010077922077922151     6.938893903907228E-18    -1.0408340855860843E-16  -0.2645582476879594
-0.010051948051948124     6.938893903907228E-18    -1.0408340855860843E-16  -0.26787843141994877
-0.010025974025974101     6.938893903907228E-18    -1.0408340855860843E-16  -0.27119861515193866
-0.010000000000000071     6.938893903907228E-18    -1.0408340855860843E-16  -0.27429930038743433
-0.009974025974026048     6.938893903907228E-18    -1.0408340855860843E-16  -0.2781049967946886
-0.009948051948052022     6.938893903907228E-18    -1.0408340855860843E-16  -0.2814495243896554
-0.009922077922077993     6.938893903907228E-18    -1.0408340855860843E-16  -0.28480629384493866
-0.009896103896103969     6.938893903907228E-18    -1.0408340855860843E-16  -0.2877132714128521
-0.009870129870129942     6.938893903907228E-18    -1.0408340855860843E-16  -0.29174412127268634
-0.009844155844155916     6.938893903907228E-18    -1.0408340855860843E-16  -0.2954855192711987
-0.009818181818181889     6.938893903907228E-18    -1.0408340855860843E-16  -0.2992269172697122
-0.009792207792207862     6.938893903907228E-18    -1.0408340855860843E-16  -0.3029683152682239
-0.00976623376623384      6.938893903907228E-18    -1.0408340855860843E-16  -0.3067097132667357
-0.009740259740259811     6.938893903907228E-18    -1.0408340855860843E-16  -0.3104511112652491
-0.009714285714285786     6.938893903907228E-18    -1.0408340855860843E-16  -0.3141925092637612
-0.00968831168831176      6.938893903907228E-18    -1.0408340855860843E-16  -0.31793390726227333
-0.009662337662337733     6.938893903907228E-18    -1.0408340855860843E-16  -0.3222333279858817
-0.009636363636363707     6.938893903907228E-18    -1.0408340855860843E-16  -0.32680978809300265
-0.00961038961038968      6.938893903907228E-18    -1.0408340855860843E-16  -0.33138624820012835
-0.009584415584415655     6.938893903907228E-18    -1.0408340855860843E-16  -0.3359627083072482
-0.009558441558441627     6.938893903907228E-18    -1.0408340855860843E-16  -0.3405391684143708
-0.009532467532467604     6.938893903907228E-18    -1.0408340855860843E-16  -0.34511562852149275
-0.009506493506493578     6.938893903907228E-18    -1.0408340855860843E-16  -0.34969208862861656
-0.00948051948051955      6.938893903907228E-18    -1.0408340855860843E-16  -0.3550229042292119
-0.009454545454545524     6.938893903907228E-18    -1.0408340855860843E-16  -0.3586668671478219
-0.009428571428571498     6.938893903907228E-18    -1.0408340855860843E-16  -0.36393757296365203
-0.009402597402597471     6.938893903907228E-18    -1.0408340855860843E-16  -0.36920827877948226
-0.009376623376623445     6.938893903907228E-18    -1.0408340855860843E-16  -0.37447898459531204
-0.009350649350649418     6.938893903907228E-18    -1.0408340855860843E-16  -0.37974969041114115
-0.009324675324675392     6.938893903907228E-18    -1.0408340855860843E-16  -0.3850203962269715
-0.009298701298701365     6.938893903907228E-18    -1.0408340855860843E-16  -0.39100561551885793
-0.009272727272727342     6.938893903907228E-18    -1.0408340855860843E-16  -0.3964975184628514
-0.009246753246753314     6.938893903907228E-18    -1.0408340855860843E-16  -0.4019894214068457
-0.009220779220779289     6.938893903907228E-18    -1.0408340855860843E-16  -0.40748132435084183
-0.009194805194805263     6.938893903907228E-18    -1.0408340855860843E-16  -0.4126579305085909
-0.009168831168831234     6.938893903907228E-18    -1.0408340855860843E-16  -0.4179520721963489
-0.00914285714285721      6.938893903907228E-18    -1.0408340855860843E-16  -0.4232462138841051
-0.009116883116883183     6.938893903907228E-18    -1.0408340855860843E-16  -0.4306617391333609
-0.00909090909090916      6.938893903907228E-18    -1.0408340855860843E-16  -0.43758278478957324
-0.00906493506493513      6.938893903907228E-18    -1.0408340855860843E-16  -0.44449461006018126
-0.009038961038961103     6.938893903907228E-18    -1.0408340855860843E-16  -0.45120327963141627
-0.00901298701298708      6.938893903907228E-18    -1.0408340855860843E-16  -0.4579119492026509
-0.008987012987013054     6.938893903907228E-18    -1.0408340855860843E-16  -0.46282731795986376
-0.008961038961039027     6.938893903907228E-18    -1.0408340855860843E-16  -0.4700283468233683
-0.008935064935065        6.938893903907228E-18    -1.0408340855860843E-16  -0.4772293756868702
-0.008909090909090974     6.938893903907228E-18    -1.0408340855860843E-16  -0.48443040455037334
-0.008883116883116948     6.938893903907228E-18    -1.0408340855860843E-16  -0.4916314334138774
-0.008857142857142921     6.938893903907228E-18    -1.0408340855860843E-16  -0.49883246227737976
-0.008831168831168898     6.938893903907228E-18    -1.0408340855860843E-16  -0.5060334911408816
-0.008805194805194868     6.938893903907228E-18    -1.0408340855860843E-16  -0.5132345200043857
-0.008779220779220845     6.938893903907228E-18    -1.0408340855860843E-16  -0.5242314162923284
-0.008753246753246818     6.938893903907228E-18    -1.0408340855860843E-16  -0.5320100564284889
-0.00872727272727279      6.938893903907228E-18    -1.0408340855860843E-16  -0.5397886965646492
-0.008701298701298765     6.938893903907228E-18    -1.0408340855860843E-16  -0.5481828855456534
-0.008675324675324739     6.938893903907228E-18    -1.0408340855860843E-16  -0.5517411900837353
-0.008649350649350712     6.938893903907228E-18    -1.0408340855860843E-16  -0.5620386458082924
-0.008623376623376686     6.938893903907228E-18    -1.0408340855860843E-16  -0.5723361015328499
-0.008597402597402659     6.938893903907228E-18    -1.0408340855860843E-16  -0.5826335572574043
-0.008571428571428633     6.938893903907228E-18    -1.0408340855860843E-16  -0.5929310129819623
-0.008545454545454608     6.938893903907228E-18    -1.0408340855860843E-16  -0.6009538669665513
-0.008519480519480583     6.938893903907228E-18    -1.0408340855860843E-16  -0.6108700148025346
-0.008493506493506556     6.938893903907228E-18    -1.0408340855860843E-16  -0.6207861626385169
-0.00846753246753253      6.938893903907228E-18    -1.0408340855860843E-16  -0.6307023104745
-0.008441558441558503     6.938893903907228E-18    -1.0408340855860843E-16  -0.640618458310484
-0.008415584415584477     6.938893903907228E-18    -1.0408340855860843E-16  -0.650534606146467
-0.008389610389610454     6.938893903907228E-18    -1.0408340855860843E-16  -0.6604507539824486
-0.008363636363636424     6.938893903907228E-18    -1.0408340855860843E-16  -0.6703669018184333
-0.0083376623376624       6.938893903907228E-18    -1.0408340855860843E-16  -0.6802830496544137
-0.008311688311688374     6.938893903907228E-18    -1.0408340855860843E-16  -0.6901991974903966
-0.008285714285714346     6.938893903907228E-18    -1.0408340855860843E-16  -0.7065372231548093
-0.008259740259740321     6.938893903907228E-18    -1.0408340855860843E-16  -0.7121589344507022
-0.008233766233766295     6.938893903907228E-18    -1.0408340855860843E-16  -0.7254388945728063
-0.008207792207792268     6.938893903907228E-18    -1.0408340855860843E-16  -0.738718854694911
-0.008181818181818241     6.938893903907228E-18    -1.0408340855860843E-16  -0.7531446584573573
-0.008155844155844215     6.938893903907228E-18    -1.0408340855860843E-16  -0.7654475637918443
-0.008129870129870188     6.938893903907228E-18    -1.0408340855860843E-16  -0.7777504691263297
-0.008103896103896162     6.938893903907228E-18    -1.0408340855860843E-16  -0.7892141946138166
-0.008077922077922139     6.938893903907228E-18    -1.0408340855860843E-16  -0.8037821798914746
-0.00805194805194811      6.938893903907228E-18    -1.0408340855860843E-16  -0.8183501651691313
-0.008025974025974086     6.938893903907228E-18    -1.0408340855860843E-16  -0.8331106353641924
-0.00800000000000006      6.938893903907228E-18    -1.0408340855860843E-16  -0.8472770280071062
-0.007974025974026031     6.938893903907228E-18    -1.0408340855860843E-16  -0.8614434206500187
-0.007948051948052006     6.938893903907228E-18    -1.0408340855860843E-16  -0.8756098132929306
-0.00792207792207798      6.938893903907228E-18    -1.0408340855860843E-16  -0.8897762059358448
-0.007896103896103956     6.938893903907228E-18    -1.0408340855860843E-16  -0.9039425985787549
-0.007870129870129926     6.938893903907228E-18    -1.0408340855860843E-16  -0.9181089912216701
-0.0078441558441559       6.938893903907228E-18    -1.0408340855860843E-16  -0.9322753838645812
-0.007818181818181877     6.938893903907228E-18    -1.0408340855860843E-16  -0.9464417765074931
-0.00779220779220785      6.938893903907228E-18    -1.0408340855860843E-16  -0.9668715717266929
-0.007766233766233824     6.938893903907228E-18    -1.0408340855860843E-16  -0.9846899919817025
-0.007740259740259797     6.938893903907228E-18    -1.0408340855860843E-16  -1.0044853645086078
-0.007714285714285771     6.938893903907228E-18    -1.0408340855860843E-16  -1.0223174835615145
-0.007688311688311744     6.938893903907228E-18    -1.0408340855860843E-16  -1.040149602614419
-0.0076623376623377185    6.938893903907228E-18    -1.0408340855860843E-16  -1.0579817216673222
-0.007636363636363694     6.938893903907228E-18    -1.0408340855860843E-16  -1.0758138407202282
-0.007610389610389665     6.938893903907228E-18    -1.0408340855860843E-16  -1.093645959773128
-0.0075844155844156415    6.938893903907228E-18    -1.0408340855860843E-16  -1.1087435012054645
-0.007558441558441615     6.938893903907228E-18    -1.0408340855860843E-16  -1.1310363098073535
-0.007532467532467587     6.938893903907228E-18    -1.0408340855860843E-16  -1.1533291184092433
-0.007506493506493562     6.938893903907228E-18    -1.0408340855860843E-16  -1.1756219270111297
-0.007480519480519535     6.938893903907228E-18    -1.0408340855860843E-16  -1.1979147356130189
-0.007454545454545509     6.938893903907228E-18    -1.0408340855860843E-16  -1.2202075442149067
-0.007428571428571483     6.938893903907228E-18    -1.0408340855860843E-16  -1.2425003528167922
-0.007402597402597457     6.938893903907228E-18    -1.0408340855860843E-16  -1.2647931614186798
-0.00737662337662343      6.938893903907228E-18    -1.0408340855860843E-16  -1.2846938482936254
-0.007350649350649404     6.938893903907228E-18    -1.0408340855860843E-16  -1.3111848913798716
-0.00732467532467538      6.938893903907228E-18    -1.0408340855860843E-16  -1.3331964165037746
-0.007298701298701351     6.938893903907228E-18    -1.0408340855860843E-16  -1.3552079416276879
-0.0072727272727273265    6.938893903907228E-18    -1.0408340855860843E-16  -1.377219466751595
-0.0072467532467533       6.938893903907228E-18    -1.0408340855860843E-16  -1.399230991875501
-0.007220779220779273     6.938893903907228E-18    -1.0408340855860843E-16  -1.4282142535119053
-0.0071948051948052495    6.938893903907228E-18    -1.0408340855860843E-16  -1.457687198993714
-0.00716883116883122      6.938893903907228E-18    -1.0408340855860843E-16  -1.4871601444755291
-0.007142857142857196     6.938893903907228E-18    -1.0408340855860843E-16  -1.516633089957337
-0.007116883116883171     6.938893903907228E-18    -1.0408340855860843E-16  -1.5461060354391483
-0.0070909090909091425    6.938893903907228E-18    -1.0408340855860843E-16  -1.5755789809209637
-0.007064935064935118     6.938893903907228E-18    -1.0408340855860843E-16  -1.6050519264027736
-0.007038961038961091     6.938893903907228E-18    -1.0408340855860843E-16  -1.6339904551809883
-0.007012987012987065     6.938893903907228E-18    -1.0408340855860843E-16  -1.6635180685233069
-0.006987012987013038     6.938893903907228E-18    -1.0408340855860843E-16  -1.6930456818656205
-0.006961038961039012     6.938893903907228E-18    -1.0408340855860843E-16  -1.7225732952079422
-0.006935064935064985     6.938893903907228E-18    -1.0408340855860843E-16  -1.752100908550263
-0.006909090909090959     6.938893903907228E-18    -1.0408340855860843E-16  -1.781628521892583
-0.006883116883116935     6.938893903907228E-18    -1.0408340855860843E-16  -1.8065423108915266
-0.006857142857142907     6.938893903907228E-18    -1.0408340855860843E-16  -1.8556585181238958
-0.006831168831168882     6.938893903907228E-18    -1.0408340855860843E-16  -1.8944325194335594
-0.006805194805194856     6.938893903907228E-18    -1.0408340855860843E-16  -1.933206520743231
-0.0067792207792208275    6.938893903907228E-18    -1.0408340855860843E-16  -1.9719805220528972
-0.006753246753246803     6.938893903907228E-18    -1.0408340855860843E-16  -2.0107545233625643
-0.006727272727272776     6.938893903907228E-18    -1.0408340855860843E-16  -2.049528524672232
-0.00670129870129875      6.938893903907228E-18    -1.0408340855860843E-16  -2.088302525981898
-0.006675324675324724     6.938893903907228E-18    -1.0408340855860843E-16  -2.1270765272915653
-0.006649350649350697     6.938893903907228E-18    -1.0408340855860843E-16  -2.16583351567639
-0.0066233766233766735    6.938893903907228E-18    -1.0408340855860843E-16  -2.205079081868366
-0.006597402597402647     6.938893903907228E-18    -1.0408340855860843E-16  -2.2443246480603456
-0.00657142857142862      6.938893903907228E-18    -1.0408340855860843E-16  -2.2835702142523235
-0.006545454545454594     6.938893903907228E-18    -1.0408340855860843E-16  -2.322815780444298
-0.006519480519480567     6.938893903907228E-18    -1.0408340855860843E-16  -2.3602599074059425
-0.006493506493506541     6.938893903907228E-18    -1.0408340855860843E-16  -2.413192894628622
-0.006467532467532515     6.938893903907228E-18    -1.0408340855860843E-16  -2.466125881851304
-0.00644155844155849      6.938893903907228E-18    -1.0408340855860843E-16  -2.51905886907399
-0.006415584415584463     6.938893903907228E-18    -1.0408340855860843E-16  -2.571991856296676
-0.006389610389610436     6.938893903907228E-18    -1.0408340855860843E-16  -2.6249248435193606
-0.0063636363636364116    6.938893903907228E-18    -1.0408340855860843E-16  -2.677857830742032
-0.006337662337662383     6.938893903907228E-18    -1.0408340855860843E-16  -2.730790817964728
-0.0063116883116883585    6.938893903907228E-18    -1.0408340855860843E-16  -2.7824058380707903
-0.006285714285714332     6.938893903907228E-18    -1.0408340855860843E-16  -2.832881011136024
-0.006259740259740305     6.938893903907228E-18    -1.0408340855860843E-16  -2.8833561842012587
-0.006233766233766279     6.938893903907228E-18    -1.0408340855860843E-16  -2.9552236489682304
-0.006207792207792253     6.938893903907228E-18    -1.0408340855860843E-16  -3.0100562475670403
-0.006181818181818227     6.938893903907228E-18    -1.0408340855860843E-16  -3.0492507783614373
-0.0061558441558442       6.938893903907228E-18    -1.0408340855860843E-16  -3.1168146203581957
-0.006129870129870176     6.938893903907228E-18    -1.0408340855860843E-16  -3.184378462354933
-0.006103896103896148     6.938893903907228E-18    -1.0408340855860843E-16  -3.2518081768439
-0.006077922077922123     6.938893903907228E-18    -1.0408340855860843E-16  -3.3134010741698443
-0.006051948051948097     6.938893903907228E-18    -1.0408340855860843E-16  -3.377479098070271
-0.006025974025974068     6.938893903907228E-18    -1.0408340855860843E-16  -3.441557121970694
-0.006000000000000046     6.938893903907228E-18    -1.0408340855860843E-16  -3.505635145871103
-0.005974025974026018     6.938893903907228E-18    -1.0408340855860843E-16  -3.5697131697715307
-0.005948051948051992     6.938893903907228E-18    -1.0408340855860843E-16  -3.63379119367195
-0.005922077922077967     6.938893903907228E-18    -1.0408340855860843E-16  -3.6978692175723697
-0.005896103896103939     6.938893903907228E-18    -1.0408340855860843E-16  -3.7814399794642
-0.005870129870129914     6.938893903907228E-18    -1.0408340855860843E-16  -3.8584518462590336
-0.005844155844155888     6.938893903907228E-18    -1.0408340855860843E-16  -3.9354637130538634
-0.005818181818181861     6.938893903907228E-18    -1.0408340855860843E-16  -3.9863175811004403
-0.005792207792207835     6.938893903907228E-18    -1.0408340855860843E-16  -4.074981536966816
-0.005766233766233808     6.938893903907228E-18    -1.0408340855860843E-16  -4.163645492833205
-0.0057402597402597825    6.938893903907228E-18    -1.0408340855860843E-16  -4.252309448699573
-0.005714285714285756     6.938893903907228E-18    -1.0408340855860843E-16  -4.340973404565959
-0.005688311688311731     6.938893903907228E-18    -1.0408340855860843E-16  -4.429637360432328
-0.005662337662337704     6.938893903907228E-18    -1.0408340855860843E-16  -4.518301316298715
-0.005636363636363677     6.938893903907228E-18    -1.0408340855860843E-16  -4.6069652721650876
-0.005610389610389652     6.938893903907228E-18    -1.0408340855860843E-16  -4.695629228031465
-0.005584415584415624     6.938893903907228E-18    -1.0408340855860843E-16  -4.78429318389786
-0.005558441558441599     6.938893903907228E-18    -1.0408340855860843E-16  -4.878426554752341
-0.005532467532467574     6.938893903907228E-18    -1.0408340855860843E-16  -4.955358240447305
-0.005506493506493546     6.938893903907228E-18    -1.0408340855860843E-16  -5.0384071636514465
-0.005480519480519523     6.938893903907228E-18    -1.0408340855860843E-16  -5.121456086855572
-0.005454545454545495     6.938893903907228E-18    -1.0408340855860843E-16  -5.204505010059702
-0.0054285714285714675    6.938893903907228E-18    -1.0408340855860843E-16  -5.362442097840649
-0.0054025974025974435    6.938893903907228E-18    -1.0408340855860843E-16  -5.446589956399723
-0.005376623376623417     6.938893903907228E-18    -1.0408340855860843E-16  -5.554891980754483
-0.0053506493506493905    6.938893903907228E-18    -1.0408340855860843E-16  -5.6631940051092275
-0.005324675324675364     6.938893903907228E-18    -1.0408340855860843E-16  -5.771496029463994
-0.005298701298701337     6.938893903907228E-18    -1.0408340855860843E-16  -5.868103393138174
-0.005272727272727312     6.938893903907228E-18    -1.0408340855860843E-16  -5.982808372371584
-0.005246753246753287     6.938893903907228E-18    -1.0408340855860843E-16  -6.097513351604958
-0.005220779220779259     6.938893903907228E-18    -1.0408340855860843E-16  -6.212218330838368
-0.005194805194805233     6.938893903907228E-18    -1.0408340855860843E-16  -6.326923310071765
-0.005168831168831207     6.938893903907228E-18    -1.0408340855860843E-16  -6.441628289305156
-0.00514285714285718      6.938893903907228E-18    -1.0408340855860843E-16  -6.556333268538556
-0.005116883116883155     6.938893903907228E-18    -1.0408340855860843E-16  -6.671038247771952
-0.0050909090909091285    6.938893903907228E-18    -1.0408340855860843E-16  -6.785743227005347
-0.005064935064935103     6.938893903907228E-18    -1.0408340855860843E-16  -6.900448206238739
-0.005038961038961076     6.938893903907228E-18    -1.0408340855860843E-16  -7.049400019684542
-0.00501298701298705      6.938893903907228E-18    -1.0408340855860843E-16  -7.180857474048832
-0.004987012987013023     6.938893903907228E-18    -1.0408340855860843E-16  -7.294270374580876
-0.004961038961038997     6.938893903907228E-18    -1.0408340855860843E-16  -7.431850262246016
-0.004935064935064973     6.938893903907228E-18    -1.0408340855860843E-16  -7.569430149911129
-0.0049090909090909445    6.938893903907228E-18    -1.0408340855860843E-16  -7.707010037576262
-0.00488311688311692      6.938893903907228E-18    -1.0408340855860843E-16  -7.844589925241377
-0.004857142857142893     6.938893903907228E-18    -1.0408340855860843E-16  -7.982169812906491
-0.004831168831168865     6.938893903907228E-18    -1.0408340855860843E-16  -8.119749700571646
-0.004805194805194843     6.938893903907228E-18    -1.0408340855860843E-16  -8.25732958823675
-0.004779220779220814     6.938893903907228E-18    -1.0408340855860843E-16  -8.394909475901883
-0.004753246753246789     6.938893903907228E-18    -1.0408340855860843E-16  -8.532489363567038
-0.004727272727272763     6.938893903907228E-18    -1.0408340855860843E-16  -8.69887276144297
-0.004701298701298735     6.938893903907228E-18    -1.0408340855860843E-16  -8.814791385482376
-0.004675324675324711     6.938893903907228E-18    -1.0408340855860843E-16  -8.974508630362168
-0.004649350649350684     6.938893903907228E-18    -1.0408340855860843E-16  -9.141334356244595
-0.004623376623376658     6.938893903907228E-18    -1.0408340855860843E-16  -9.298799107911458
-0.004597402597402632     6.938893903907228E-18    -1.0408340855860843E-16  -9.456263859578293
-0.004571428571428605     6.938893903907228E-18    -1.0408340855860843E-16  -9.613728611245167
-0.004545454545454579     6.938893903907228E-18    -1.0408340855860843E-16  -9.771193362912015
-0.0045194805194805525    6.938893903907228E-18    -1.0408340855860843E-16  -9.92865811457887
-0.004493506493506528     6.938893903907228E-18    -1.0408340855860843E-16  -10.086122866245713
-0.0044675324675325       6.938893903907228E-18    -1.0408340855860843E-16  -10.243587617912572
-0.004441558441558474     6.938893903907228E-18    -1.0408340855860843E-16  -10.401052369579437
-0.004415584415584449     6.938893903907228E-18    -1.0408340855860843E-16  -10.558517121246265
-0.004389610389610421     6.938893903907228E-18    -1.0408340855860843E-16  -10.746192866732951
-0.004363636363636396     6.938893903907228E-18    -1.0408340855860843E-16  -10.91859090392888
-0.00433766233766237      6.938893903907228E-18    -1.0408340855860843E-16  -11.089906994720113
-0.004311688311688344     6.938893903907228E-18    -1.0408340855860843E-16  -11.261223085511453
-0.004285714285714319     6.938893903907228E-18    -1.0408340855860843E-16  -11.408345188264583
-0.004259740259740291     6.938893903907228E-18    -1.0408340855860843E-16  -11.591691769097583
-0.004233766233766264     6.938893903907228E-18    -1.0408340855860843E-16  -11.77421642142141
-0.00420779220779224      6.938893903907228E-18    -1.0408340855860843E-16  -11.956917486572385
-0.004181818181818214     6.938893903907228E-18    -1.0408340855860843E-16  -12.139618551723391
-0.004155844155844188     6.938893903907228E-18    -1.0408340855860843E-16  -12.322319616874402
-0.0041298701298701605    6.938893903907228E-18    -1.0408340855860843E-16  -12.505020682025421
-0.004103896103896134     6.938893903907228E-18    -1.0408340855860843E-16  -12.687721747176415
-0.004077922077922108     6.938893903907228E-18    -1.0408340855860843E-16  -12.867344301790897
-0.0040519480519480835    6.938893903907228E-18    -1.0408340855860843E-16  -13.046226966213428
-0.004025974025974055     6.938893903907228E-18    -1.0408340855860843E-16  -13.225109630635972
-0.00400000000000003      6.938893903907228E-18    -1.0408340855860843E-16  -13.403992295058533
-0.003974025974026004     6.938893903907228E-18    -1.0408340855860843E-16  -13.58287495948106
-0.0039480519480519765    6.938893903907228E-18    -1.0408340855860843E-16  -13.79956618141297
-0.003922077922077952     6.938893903907228E-18    -1.0408340855860843E-16  -14.000128707564478
-0.003896103896103925     6.938893903907228E-18    -1.0408340855860843E-16  -14.200691233715952
-0.0038701298701298995    6.938893903907228E-18    -1.0408340855860843E-16  -14.390292235288378
-0.003844155844155873     6.938893903907228E-18    -1.0408340855860843E-16  -14.590454222111035
-0.0038181818181818464    6.938893903907228E-18    -1.0408340855860843E-16  -14.790616208933677
-0.00379220779220782      6.938893903907228E-18    -1.0408340855860843E-16  -14.986228153683456
-0.0037662337662337933    6.938893903907228E-18    -1.0408340855860843E-16  -15.184058723010864
-0.0037402597402597694    6.938893903907228E-18    -1.0408340855860843E-16  -15.381889292338293
-0.003714285714285741     6.938893903907228E-18    -1.0408340855860843E-16  -15.579719861665716
-0.0036883116883117163    6.938893903907228E-18    -1.0408340855860843E-16  -15.777550430993102
-0.00366233766233769      6.938893903907228E-18    -1.0408340855860843E-16  -15.992435007062
-0.0036363636363636615    6.938893903907228E-18    -1.0408340855860843E-16  -16.206556667908437
-0.0036103896103896393    6.938893903907228E-18    -1.0408340855860843E-16  -16.42067832875469
-0.003584415584415611     6.938893903907228E-18    -1.0408340855860843E-16  -16.634799989601035
-0.0035584415584415845    6.938893903907228E-18    -1.0408340855860843E-16  -16.839400671320846
-0.0035324675324675597    6.938893903907228E-18    -1.0408340855860843E-16  -17.05659063362928
-0.0035064935064935314    6.938893903907228E-18    -1.0408340855860843E-16  -17.273780595937726
-0.0034805194805195075    6.938893903907228E-18    -1.0408340855860843E-16  -17.490970558246165
-0.003454545454545481     6.938893903907228E-18    -1.0408340855860843E-16  -17.708160520554628
-0.0034285714285714544    6.938893903907228E-18    -1.0408340855860843E-16  -17.925350482863063
-0.0034025974025974287    6.938893903907228E-18    -1.0408340855860843E-16  -18.14254044517153
-0.003376623376623402     6.938893903907228E-18    -1.0408340855860843E-16  -18.35973040747996
-0.0033506493506493757    6.938893903907228E-18    -1.0408340855860843E-16  -18.576920369788375
-0.003324675324675349     6.938893903907228E-18    -1.0408340855860843E-16  -18.786671769414966
-0.0032987012987013243    6.938893903907228E-18    -1.0408340855860843E-16  -19.02275196169589
-0.003272727272727297     6.938893903907228E-18    -1.0408340855860843E-16  -19.25883215397682
-0.0032467532467532704    6.938893903907228E-18    -1.0408340855860843E-16  -19.494912346257674
-0.0032207792207792456    6.938893903907228E-18    -1.0408340855860843E-16  -19.730992538538562
-0.0031948051948052173    6.938893903907228E-18    -1.0408340855860843E-16  -19.967072730819513
-0.0031688311688311925    6.938893903907228E-18    -1.0408340855860843E-16  -20.20315292310038
-0.003142857142857167     6.938893903907228E-18    -1.0408340855860843E-16  -20.43923311538132
-0.0031168831168831403    6.938893903907228E-18    -1.0408340855860843E-16  -20.675313307662208
-0.0030909090909091155    6.938893903907228E-18    -1.0408340855860843E-16  -20.911393499943117
-0.0030649350649350872    6.938893903907228E-18    -1.0408340855860843E-16  -21.14747369222411
-0.0030389610389610607    6.938893903907228E-18    -1.0408340855860843E-16  -21.41229098025616
-0.0030129870129870368    6.938893903907228E-18    -1.0408340855860843E-16  -21.651667846547127
-0.00298701298701301      6.938893903907228E-18    -1.0408340855860843E-16  -21.889000871410474
-0.002961038961038982     6.938893903907228E-18    -1.0408340855860843E-16  -22.130518371846428
-0.002935064935064958     6.938893903907228E-18    -1.0408340855860843E-16  -22.36488295951338
-0.0029090909090909306    6.938893903907228E-18    -1.0408340855860843E-16  -22.63049061176764
-0.002883116883116905     6.938893903907228E-18    -1.0408340855860843E-16  -22.896098264021873
-0.00285714285714288      6.938893903907228E-18    -1.0408340855860843E-16  -23.161705916276162
-0.002831168831168852     6.938893903907228E-18    -1.0408340855860843E-16  -23.43008436914677
-0.002805194805194826     6.938893903907228E-18    -1.0408340855860843E-16  -23.692092791296204
-0.0027792207792208014    6.938893903907228E-18    -1.0408340855860843E-16  -23.954101213445632
-0.002753246753246773     6.938893903907228E-18    -1.0408340855860843E-16  -24.216109635595014
-0.0027272727272727483    6.938893903907228E-18    -1.0408340855860843E-16  -24.478118057744368
-0.0027012987012987218    6.938893903907228E-18    -1.0408340855860843E-16  -24.74012647989384
-0.002675324675324696     6.938893903907228E-18    -1.0408340855860843E-16  -25.002134902043252
-0.0026493506493506696    6.938893903907228E-18    -1.0408340855860843E-16  -25.30087917721005
-0.002623376623376644     6.938893903907228E-18    -1.0408340855860843E-16  -25.58657590371199
-0.0025974025974026165    6.938893903907228E-18    -1.0408340855860843E-16  -25.872272630213814
-0.00257142857142859      6.938893903907228E-18    -1.0408340855860843E-16  -26.12502078976581
-0.002545454545454565     6.938893903907228E-18    -1.0408340855860843E-16  -26.41207903594769
-0.0025194805194805377    6.938893903907228E-18    -1.0408340855860843E-16  -26.699137282129566
-0.0024935064935065147    6.938893903907228E-18    -1.0408340855860843E-16  -26.98619552831146
-0.0024675324675324864    6.938893903907228E-18    -1.0408340855860843E-16  -27.273253774493295
-0.002441558441558459     6.938893903907228E-18    -1.0408340855860843E-16  -27.560312020675344
-0.002415584415584435     6.938893903907228E-18    -1.0408340855860843E-16  -27.847370266857123
-0.0023896103896104076    6.938893903907228E-18    -1.0408340855860843E-16  -28.181038502802853
-0.0023636363636363802    6.938893903907228E-18    -1.0408340855860843E-16  -28.490813548489424
-0.002337662337662357     6.938893903907228E-18    -1.0408340855860843E-16  -28.79756558977391
-0.002311688311688329     6.938893903907228E-18    -1.0408340855860843E-16  -29.13102700193288
-0.0022857142857143032    6.938893903907228E-18    -1.0408340855860843E-16  -29.407680195696116
-0.0022597402597402776    6.938893903907228E-18    -1.0408340855860843E-16  -29.726657113687878
-0.00223376623376625      6.938893903907228E-18    -1.0408340855860843E-16  -30.04563403167947
-0.0022077922077922254    6.938893903907228E-18    -1.0408340855860843E-16  -30.364610949671146
-0.0021818181818181997    6.938893903907228E-18    -1.0408340855860843E-16  -30.683587867662766
-0.0021558441558441723    6.938893903907228E-18    -1.0408340855860843E-16  -31.002564785654315
-0.0021298701298701457    6.938893903907228E-18    -1.0408340855860843E-16  -31.33854245154535
-0.00210389610389612      6.938893903907228E-18    -1.0408340855860843E-16  -31.68073259400849
-0.0020779220779220935    6.938893903907228E-18    -1.0408340855860843E-16  -32.02292273647177
-0.002051948051948068     6.938893903907228E-18    -1.0408340855860843E-16  -32.3651128789348
-0.002025974025974042     6.938893903907228E-18    -1.0408340855860843E-16  -32.702452462990145
-0.002000000000000015     6.938893903907228E-18    -1.0408340855860843E-16  -33.03878377631075
-0.0019740259740259882    6.938893903907228E-18    -1.0408340855860843E-16  -33.37511508963136
-0.0019480519480519634    6.938893903907228E-18    -1.0408340855860843E-16  -33.756262614243525
-0.001922077922077936     6.938893903907228E-18    -1.0408340855860843E-16  -34.103246794440906
-0.0018961038961039104    6.938893903907228E-18    -1.0408340855860843E-16  -34.47376042465059
-0.0018701298701298847    6.938893903907228E-18    -1.0408340855860843E-16  -34.84427405486019
-0.0018441558441558573    6.938893903907228E-18    -1.0408340855860843E-16  -35.2147876850697
-0.0018181818181818334    6.938893903907228E-18    -1.0408340855860843E-16  -35.58530131527935
-0.001792207792207806     6.938893903907228E-18    -1.0408340855860843E-16  -35.95581494548889
-0.0017662337662337785    6.938893903907228E-18    -1.0408340855860843E-16  -36.3263285756986
-0.0017402597402597555    6.938893903907228E-18    -1.0408340855860843E-16  -36.69684220590807
-0.0017142857142857272    6.938893903907228E-18    -1.0408340855860843E-16  -37.06735583611777
-0.0016883116883117015    6.938893903907228E-18    -1.0408340855860843E-16  -37.50524440491114
-0.0016623376623376759    6.938893903907228E-18    -1.0408340855860843E-16  -37.90096041414232
-0.0016363636363636485    6.938893903907228E-18    -1.0408340855860843E-16  -38.27327114191698
-0.0016103896103896237    6.938893903907228E-18    -1.0408340855860843E-16  -38.692847926040216
-0.001584415584415598     6.938893903907228E-18    -1.0408340855860843E-16  -39.11242471016358
-0.0015584415584415706    6.938893903907228E-18    -1.0408340855860843E-16  -39.53200149428683
-0.001532467532467544     6.938893903907228E-18    -1.0408340855860843E-16  -39.95157827841019
-0.0015064935064935184    6.938893903907228E-18    -1.0408340855860843E-16  -40.36970163770768
-0.0014805194805194918    6.938893903907228E-18    -1.0408340855860843E-16  -40.78801671285221
-0.0014545454545454662    6.938893903907228E-18    -1.0408340855860843E-16  -41.2063317879969
-0.0014285714285714405    6.938893903907228E-18    -1.0408340855860843E-16  -41.62464686314158
-0.001402597402597413     6.938893903907228E-18    -1.0408340855860843E-16  -42.04296193828631
-0.0013766233766233866    6.938893903907228E-18    -1.0408340855860843E-16  -42.481407990014766
-0.0013506493506493618    6.938893903907228E-18    -1.0408340855860843E-16  -42.951151135249376
-0.0013246753246753343    6.938893903907228E-18    -1.0408340855860843E-16  -43.42089428048351
-0.0012987012987013087    6.938893903907228E-18    -1.0408340855860843E-16  -43.8906374257178
-0.001272727272727283     6.938893903907228E-18    -1.0408340855860843E-16  -44.360380570952
-0.0012467532467532556    6.938893903907228E-18    -1.0408340855860843E-16  -44.82491408105153
-0.0012207792207792317    6.938893903907228E-18    -1.0408340855860843E-16  -45.30721024571454
-0.0011948051948052043    6.938893903907228E-18    -1.0408340855860843E-16  -45.78950641037747
-0.0011688311688311769    6.938893903907228E-18    -1.0408340855860843E-16  -46.27180257504048
-0.001142857142857153     6.938893903907228E-18    -1.0408340855860843E-16  -46.75409873970343
-0.0011168831168831255    6.938893903907228E-18    -1.0408340855860843E-16  -47.236394904366385
-0.0010909090909090998    6.938893903907228E-18    -1.0408340855860843E-16  -47.71869106902933
-0.0010649350649350742    6.938893903907228E-18    -1.0408340855860843E-16  -48.20098723369239
-0.0010389610389610468    6.938893903907228E-18    -1.0408340855860843E-16  -48.68854491432556
-0.001012987012987022     6.938893903907228E-18    -1.0408340855860843E-16  -49.20809713433248
-9.870129870129963E-4     6.938893903907228E-18    -1.0408340855860843E-16  -49.76903861850882
-9.610389610389689E-4     6.938893903907228E-18    -1.0408340855860843E-16  -50.304655738394445
-9.350649350649423E-4     6.938893903907228E-18    -1.0408340855860843E-16  -50.84027285828013
-9.090909090909167E-4     6.938893903907228E-18    -1.0408340855860843E-16  -51.37588997816574
-8.831168831168901E-4     6.938893903907228E-18    -1.0408340855860843E-16  -51.911507098051516
-8.571428571428645E-4     6.938893903907228E-18    -1.0408340855860843E-16  -52.44712421793713
-8.311688311688388E-4     6.938893903907228E-18    -1.0408340855860843E-16  -52.98274133782288
-8.051948051948114E-4     6.938893903907228E-18    -1.0408340855860843E-16  -53.54668712009227
-7.792207792207849E-4     6.938893903907228E-18    -1.0408340855860843E-16  -54.1078968982467
-7.532467532467601E-4     6.938893903907228E-18    -1.0408340855860843E-16  -54.66910667640154
-7.272727272727326E-4     6.938893903907228E-18    -1.0408340855860843E-16  -55.23031645455592
-7.01298701298707E-4      6.938893903907228E-18    -1.0408340855860843E-16  -55.791526232710396
-6.753246753246813E-4     6.938893903907228E-18    -1.0408340855860843E-16  -56.33730147251032
-6.493506493506539E-4     6.938893903907228E-18    -1.0408340855860843E-16  -56.962068749049095
-6.2337662337663E-4       6.938893903907228E-18    -1.0408340855860843E-16  -57.58683602558759
-5.974025974026026E-4     6.938893903907228E-18    -1.0408340855860843E-16  -58.21160330212648
-5.714285714285752E-4     6.938893903907228E-18    -1.0408340855860843E-16  -58.83637057866522
-5.454545454545512E-4     6.938893903907228E-18    -1.0408340855860843E-16  -59.461137855203944
-5.194805194805238E-4     6.938893903907228E-18    -1.0408340855860843E-16  -60.12533535444882
-4.935064935064981E-4     6.938893903907228E-18    -1.0408340855860843E-16  -60.75120778464819
-4.675324675324725E-4     6.938893903907228E-18    -1.0408340855860843E-16  -61.34952908659483
-4.4155844155844507E-4    6.938893903907228E-18    -1.0408340855860843E-16  -61.9512757466777
-4.1558441558442027E-4    6.938893903907228E-18    -1.0408340855860843E-16  -62.553022406759965
-3.8961038961039373E-4    6.938893903907228E-18    -1.0408340855860843E-16  -63.305882844805296
-3.636363636363672E-4     6.938893903907228E-18    -1.0408340855860843E-16  -63.987733835930555
-3.3766233766234065E-4    6.938893903907228E-18    -1.0408340855860843E-16  -64.48075818874631
-3.11688311688315E-4      6.938893903907228E-18    -1.0408340855860843E-16  -65.19296670521646
-2.8571428571428845E-4    6.938893903907228E-18    -1.0408340855860843E-16  -65.90517522168643
-2.597402597402628E-4     6.938893903907228E-18    -1.0408340855860843E-16  -66.61738373815606
-2.3376623376623624E-4    6.938893903907228E-18    -1.0408340855860843E-16  -67.32959225462619
-2.077922077922097E-4     6.938893903907228E-18    -1.0408340855860843E-16  -68.04180077109629
-1.8181818181818316E-4    6.938893903907228E-18    -1.0408340855860843E-16  -68.75400928756613
-1.5584415584415836E-4    6.938893903907228E-18    -1.0408340855860843E-16  -69.46621780403609
-1.2987012987013095E-4    6.938893903907228E-18    -1.0408340855860843E-16  -70.17842632050618
-1.0389610389610528E-4    6.938893903907228E-18    -1.0408340855860843E-16  -70.86718688347518
-7.792207792207875E-5     6.938893903907228E-18    -1.0408340855860843E-16  -71.56255373665903
-5.194805194805221E-5     6.938893903907228E-18    -1.0408340855860843E-16  -72.2353677905756
-2.5974025974028273E-5    6.938893903907228E-18    -1.0408340855860843E-16  -73.10991063919778
-8.673617379884035E-19    6.938893903907228E-18    -1.0408340855860843E-16  -73.88071580501048
2.5974025974023936E-5     6.938893903907228E-18    -1.0408340855860843E-16  -74.65152097082363
5.194805194805221E-5      6.938893903907228E-18    -1.0408340855860843E-16  -75.38850888594376
7.792207792207701E-5      6.938893903907228E-18    -1.0408340855860843E-16  -76.15053090026713
1.0389610389610355E-4     6.938893903907228E-18    -1.0408340855860843E-16  -76.91255291459038
1.2987012987013182E-4     6.938893903907228E-18    -1.0408340855860843E-16  -77.67457492891424
1.5584415584415662E-4     6.938893903907228E-18    -1.0408340855860843E-16  -78.4365969432377
1.8181818181818143E-4     6.938893903907228E-18    -1.0408340855860843E-16  -79.2552332997202
2.0779220779220797E-4     6.938893903907228E-18    -1.0408340855860843E-16  -80.07366037245583
2.337662337662345E-4      6.938893903907228E-18    -1.0408340855860843E-16  -80.89208744519112
2.5974025974026104E-4     6.938893903907228E-18    -1.0408340855860843E-16  -81.69710821437704
2.8571428571428584E-4     6.938893903907228E-18    -1.0408340855860843E-16  -82.5257549627768
3.116883116883141E-4      6.938893903907228E-18    -1.0408340855860843E-16  -83.35440171117614
3.376623376623389E-4      6.938893903907228E-18    -1.0408340855860843E-16  -84.18304845957573
3.6363636363636546E-4     6.938893903907228E-18    -1.0408340855860843E-16  -85.02449606392335
3.89610389610392E-4       6.938893903907228E-18    -1.0408340855860843E-16  -85.89331432918189
4.1558441558441853E-4     6.938893903907228E-18    -1.0408340855860843E-16  -86.76213259443995
4.4155844155844334E-4     6.938893903907228E-18    -1.0408340855860843E-16  -87.63095085969852
4.6753246753246814E-4     6.938893903907228E-18    -1.0408340855860843E-16  -88.49976912495686
4.935064935064964E-4      6.938893903907228E-18    -1.0408340855860843E-16  -89.36858739021523
5.194805194805221E-4      6.938893903907228E-18    -1.0408340855860843E-16  -90.23740565547376
5.454545454545478E-4      6.938893903907228E-18    -1.0408340855860843E-16  -91.1765694011541
5.71428571428576E-4       6.938893903907228E-18    -1.0408340855860843E-16  -92.0737175804419
5.974025974026008E-4      6.938893903907228E-18    -1.0408340855860843E-16  -92.9708657597298
6.233766233766256E-4      6.938893903907228E-18    -1.0408340855860843E-16  -93.86176911716962
6.493506493506539E-4      6.938893903907228E-18    -1.0408340855860843E-16  -94.75191979577562
6.753246753246796E-4      6.938893903907228E-18    -1.0408340855860843E-16  -95.58000028480286
7.012987012987052E-4      6.938893903907228E-18    -1.0408340855860843E-16  -96.54111969128974
7.272727272727335E-4      6.938893903907228E-18    -1.0408340855860843E-16  -97.50223909777624
7.532467532467583E-4      6.938893903907228E-18    -1.0408340855860843E-16  -98.46335850426297
7.792207792207831E-4      6.938893903907228E-18    -1.0408340855860843E-16  -99.42447791074976
8.051948051948097E-4      6.938893903907228E-18    -1.0408340855860843E-16  -100.3855973172363
8.311688311688371E-4      6.938893903907228E-18    -1.0408340855860843E-16  -101.34671672372332
8.571428571428627E-4      6.938893903907228E-18    -1.0408340855860843E-16  -102.30783613021005
8.831168831168875E-4      6.938893903907228E-18    -1.0408340855860843E-16  -103.26895553669686
9.090909090909158E-4      6.938893903907228E-18    -1.0408340855860843E-16  -104.23007494318391
9.350649350649406E-4      6.938893903907228E-18    -1.0408340855860843E-16  -105.19119434967011
9.610389610389663E-4      6.938893903907228E-18    -1.0408340855860843E-16  -106.15231375615686
9.870129870129946E-4      6.938893903907228E-18    -1.0408340855860843E-16  -107.1637461369898
0.0010129870129870202     6.938893903907228E-18    -1.0408340855860843E-16  -108.13192627785025
0.001038961038961045      6.938893903907228E-18    -1.0408340855860843E-16  -109.09474885246152
0.0010649350649350698     6.938893903907228E-18    -1.0408340855860843E-16  -110.1045708703353
0.001090909090909098      6.938893903907228E-18    -1.0408340855860843E-16  -111.12403118941609
0.0011168831168831238     6.938893903907228E-18    -1.0408340855860843E-16  -112.09701841616095
0.0011428571428571494     6.938893903907228E-18    -1.0408340855860843E-16  -113.07257525433988
0.0011688311688311777     6.938893903907228E-18    -1.0408340855860843E-16  -114.09546660894097
0.0011948051948052025     6.938893903907228E-18    -1.0408340855860843E-16  -115.11835796354194
0.0012207792207792273     6.938893903907228E-18    -1.0408340855860843E-16  -116.14124931814291
0.0012467532467532556     6.938893903907228E-18    -1.0408340855860843E-16  -117.1641406727433
0.0012727272727272813     6.938893903907228E-18    -1.0408340855860843E-16  -118.18703202734461
0.001298701298701307      6.938893903907228E-18    -1.0408340855860843E-16  -119.20992338194506
0.0013246753246753352     6.938893903907228E-18    -1.0408340855860843E-16  -120.23281473654649
0.00135064935064936       6.938893903907228E-18    -1.0408340855860843E-16  -121.25570609114698
0.0013766233766233848     6.938893903907228E-18    -1.0408340855860843E-16  -122.278597445748
0.0014025974025974105     6.938893903907228E-18    -1.0408340855860843E-16  -123.3014888003488
0.0014285714285714388     6.938893903907228E-18    -1.0408340855860843E-16  -124.32438015494938
0.0014545454545454644     6.938893903907228E-18    -1.0408340855860843E-16  -125.34727150955098
0.0014805194805194892     6.938893903907228E-18    -1.0408340855860843E-16  -126.37016286415201
0.0015064935064935175     6.938893903907228E-18    -1.0408340855860843E-16  -127.41487989702762
0.0015324675324675423     6.938893903907228E-18    -1.0408340855860843E-16  -128.42780907502208
0.001558441558441568      6.938893903907228E-18    -1.0408340855860843E-16  -129.4499808829753
0.0015844155844155963     6.938893903907228E-18    -1.0408340855860843E-16  -130.47215269092803
0.001610389610389622      6.938893903907228E-18    -1.0408340855860843E-16  -131.49432449888087
0.0016363636363636467     6.938893903907228E-18    -1.0408340855860843E-16  -132.51649630683386
0.001662337662337675      6.938893903907228E-18    -1.0408340855860843E-16  -133.53866811478662
0.0016883116883116998     6.938893903907228E-18    -1.0408340855860843E-16  -134.56083992273938
0.0017142857142857255     6.938893903907228E-18    -1.0408340855860843E-16  -135.58301173069214
0.0017402597402597511     6.938893903907228E-18    -1.0408340855860843E-16  -136.6051835386453
0.0017662337662337794     6.938893903907228E-18    -1.0408340855860843E-16  -137.5969517989278
0.0017922077922078042     6.938893903907228E-18    -1.0408340855860843E-16  -138.61615642095393
0.001818181818181829      6.938893903907228E-18    -1.0408340855860843E-16  -139.63536104298066
0.0018441558441558573     6.938893903907228E-18    -1.0408340855860843E-16  -140.65456566500816
0.001870129870129883      6.938893903907228E-18    -1.0408340855860843E-16  -141.81615585619082
0.0018961038961039086     6.938893903907228E-18    -1.0408340855860843E-16  -142.73173843633782
0.001922077922077937      6.938893903907228E-18    -1.0408340855860843E-16  -143.64732101648542
0.0019480519480519617     6.938893903907228E-18    -1.0408340855860843E-16  -144.56290359663302
0.0019740259740259865     6.938893903907228E-18    -1.0408340855860843E-16  -145.47848617678008
0.002000000000000012      6.938893903907228E-18    -1.0408340855860843E-16  -146.39406875692802
0.0020259740259740405     6.938893903907228E-18    -1.0408340855860843E-16  -147.3096513370754
0.002051948051948066      6.938893903907228E-18    -1.0408340855860843E-16  -148.2252339172229
0.002077922077922091      6.938893903907228E-18    -1.0408340855860843E-16  -149.14081649737005
0.002103896103896119      6.938893903907228E-18    -1.0408340855860843E-16  -150.05639907751785
0.002129870129870144      6.938893903907228E-18    -1.0408340855860843E-16  -150.97198165766514
0.0021558441558441697     6.938893903907228E-18    -1.0408340855860843E-16  -151.88756423781237
0.002181818181818198      6.938893903907228E-18    -1.0408340855860843E-16  -152.80314681795954
0.0022077922077922236     6.938893903907228E-18    -1.0408340855860843E-16  -153.71872939810748
0.0022337662337662484     6.938893903907228E-18    -1.0408340855860843E-16  -154.63716432631207
0.0022597402597402767     6.938893903907228E-18    -1.0408340855860843E-16  -155.3313650007355
0.0022857142857143015     6.938893903907228E-18    -1.0408340855860843E-16  -156.4756173017692
0.002311688311688327      6.938893903907228E-18    -1.0408340855860843E-16  -157.15657192922623
0.002337662337662353      6.938893903907228E-18    -1.0408340855860843E-16  -157.84194783072007
0.002363636363636381      6.938893903907228E-18    -1.0408340855860843E-16  -158.7414885878204
0.002389610389610406      6.938893903907228E-18    -1.0408340855860843E-16  -159.43500069099468
0.0024155844155844307     6.938893903907228E-18    -1.0408340855860843E-16  -160.12851279416896
0.002441558441558459      6.938893903907228E-18    -1.0408340855860843E-16  -160.822024897343
0.0024675324675324847     6.938893903907228E-18    -1.0408340855860843E-16  -161.51553700051682
0.0024935064935065103     6.938893903907228E-18    -1.0408340855860843E-16  -162.2090491036912
0.0025194805194805386     6.938893903907228E-18    -1.0408340855860843E-16  -162.90256120686513
0.0025454545454545634     6.938893903907228E-18    -1.0408340855860843E-16  -163.59607331003934
0.002571428571428588      6.938893903907228E-18    -1.0408340855860843E-16  -164.28958541321316
0.002597402597402614      6.938893903907228E-18    -1.0408340855860843E-16  -164.98309751638755
0.002623376623376642      6.938893903907228E-18    -1.0408340855860843E-16  -165.67660961956142
0.002649350649350667      6.938893903907228E-18    -1.0408340855860843E-16  -166.37012172273558
0.0026753246753246926     6.938893903907228E-18    -1.0408340855860843E-16  -167.06363382591041
0.00270129870129872       6.938893903907228E-18    -1.0408340855860843E-16  -167.75714592908378
0.0027272727272727457     6.938893903907228E-18    -1.0408340855860843E-16  -167.59847291086498
0.0027532467532467722     6.938893903907228E-18    -1.0408340855860843E-16  -168.1234024981825
0.0027792207792207996     6.938893903907228E-18    -1.0408340855860843E-16  -168.64833208549965
0.0028051948051948253     6.938893903907228E-18    -1.0408340855860843E-16  -169.22540824823523
0.0028311688311688493     6.938893903907228E-18    -1.0408340855860843E-16  -169.52607723546907
0.0028571428571428784     6.938893903907228E-18    -1.0408340855860843E-16  -169.8267462227043
0.002883116883116904      6.938893903907228E-18    -1.0408340855860843E-16  -170.12741520993902
0.002909090909090929      6.938893903907228E-18    -1.0408340855860843E-16  -170.52146354471705
0.0029350649350649545     6.938893903907228E-18    -1.0408340855860843E-16  -170.7085374314483
0.002961038961038982      6.938893903907228E-18    -1.0408340855860843E-16  -170.89561131817806
0.0029870129870130076     6.938893903907228E-18    -1.0408340855860843E-16  -171.21586749947076
0.0030129870129870333     6.938893903907228E-18    -1.0408340855860843E-16  -171.41697403411507
0.0030389610389610607     6.938893903907228E-18    -1.0408340855860843E-16  -171.61808056876123
0.0030649350649350872     6.938893903907228E-18    -1.0408340855860843E-16  -171.81918710340602
0.003090909090909111      6.938893903907228E-18    -1.0408340855860843E-16  -172.02029363805156
0.0031168831168831403     6.938893903907228E-18    -1.0408340855860843E-16  -172.22140017269749
0.0031428571428571642     6.938893903907228E-18    -1.0408340855860843E-16  -172.42250670734194
0.00316883116883119       6.938893903907228E-18    -1.0408340855860843E-16  -172.62361324198676
0.0031948051948052164     6.938893903907228E-18    -1.0408340855860843E-16  -172.36939967042125
0.003220779220779244      6.938893903907228E-18    -1.0408340855860843E-16  -172.1944038460582
0.0032467532467532695     6.938893903907228E-18    -1.0408340855860843E-16  -172.01940802169577
0.0032727272727272935     6.938893903907228E-18    -1.0408340855860843E-16  -171.84441219733344
0.0032987012987013226     6.938893903907228E-18    -1.0408340855860843E-16  -171.7685171643817
0.0033246753246753483     6.938893903907228E-18    -1.0408340855860843E-16  -171.48508352582581
0.003350649350649373      6.938893903907228E-18    -1.0408340855860843E-16  -171.20164988726913
0.003376623376623402      6.938893903907228E-18    -1.0408340855860843E-16  -170.91821624871363
0.003402597402597426      6.938893903907228E-18    -1.0408340855860843E-16  -170.6347826101587
0.003428571428571452      6.938893903907228E-18    -1.0408340855860843E-16  -170.32228246470982
0.0034545454545454792     6.938893903907228E-18    -1.0408340855860843E-16  -170.04689975052725
0.003480519480519505      6.938893903907228E-18    -1.0408340855860843E-16  -169.7715170363457
0.0035064935064935314     6.938893903907228E-18    -1.0408340855860843E-16  -169.49613432216285
0.0035324675324675554     6.938893903907228E-18    -1.0408340855860843E-16  -169.22075160798073
0.0035584415584415845     6.938893903907228E-18    -1.0408340855860843E-16  -168.9453688937974
0.0035844155844156084     6.938893903907228E-18    -1.0408340855860843E-16  -168.3098581813631
0.003610389610389634      6.938893903907228E-18    -1.0408340855860843E-16  -167.56260213163273
0.0036363636363636632     6.938893903907228E-18    -1.0408340855860843E-16  -166.81534608190196
0.003662337662337688      6.938893903907228E-18    -1.0408340855860843E-16  -166.0680900321716
0.0036883116883117137     6.938893903907228E-18    -1.0408340855860843E-16  -165.32083398244004
0.003714285714285741      6.938893903907228E-18    -1.0408340855860843E-16  -164.57357793271035
0.003740259740259767      6.938893903907228E-18    -1.0408340855860843E-16  -163.82632188297976
0.0037662337662337925     6.938893903907228E-18    -1.0408340855860843E-16  -162.98399765740214
0.0037922077922078173     6.938893903907228E-18    -1.0408340855860843E-16  -162.21828439062688
0.0038181818181818464     6.938893903907228E-18    -1.0408340855860843E-16  -161.4525711238516
0.0038441558441558703     6.938893903907228E-18    -1.0408340855860843E-16  -160.8243338873849
0.003870129870129896      6.938893903907228E-18    -1.0408340855860843E-16  -159.83167542051524
0.0038961038961039234     6.938893903907228E-18    -1.0408340855860843E-16  -158.8390169536458
0.003922077922077949      6.938893903907228E-18    -1.0408340855860843E-16  -157.80096713593693
0.003948051948051976      6.938893903907228E-18    -1.0408340855860843E-16  -156.75498535351886
0.003974025974026003      6.938893903907228E-18    -1.0408340855860843E-16  -155.70900357109974
0.004000000000000029      6.938893903907228E-18    -1.0408340855860843E-16  -154.6630217886834
0.004025974025974053      6.938893903907228E-18    -1.0408340855860843E-16  -153.61704000626582
0.004051948051948082      6.938893903907228E-18    -1.0408340855860843E-16  -152.6398254016574
0.0040779220779221075     6.938893903907228E-18    -1.0408340855860843E-16  -151.6205603055289
0.004103896103896132      6.938893903907228E-18    -1.0408340855860843E-16  -150.60129520939893
0.004129870129870158      6.938893903907228E-18    -1.0408340855860843E-16  -149.58203011326748
0.004155844155844185      6.938893903907228E-18    -1.0408340855860843E-16  -148.36122378002517
0.004181818181818211      6.938893903907228E-18    -1.0408340855860843E-16  -146.98909008200962
0.004207792207792237      6.938893903907228E-18    -1.0408340855860843E-16  -145.61695638399647
0.004233766233766264      6.938893903907228E-18    -1.0408340855860843E-16  -144.23930850470265
0.004259740259740291      6.938893903907228E-18    -1.0408340855860843E-16  -142.90941573172563
0.0042857142857143146     6.938893903907228E-18    -1.0408340855860843E-16  -141.5795229587493
0.004311688311688344      6.938893903907228E-18    -1.0408340855860843E-16  -140.2496301857741
0.004337662337662368      6.938893903907228E-18    -1.0408340855860843E-16  -138.91973741279728
0.004363636363636393      6.938893903907228E-18    -1.0408340855860843E-16  -137.58984463982065
0.00438961038961042       6.938893903907228E-18    -1.0408340855860843E-16  -136.25995186684372
0.004415584415584447      6.938893903907228E-18    -1.0408340855860843E-16  -134.93005909386898
0.004441558441558473      6.938893903907228E-18    -1.0408340855860843E-16  -133.60016632089196
0.004467532467532497      6.938893903907228E-18    -1.0408340855860843E-16  -132.09076458935897
0.004493506493506526      6.938893903907228E-18    -1.0408340855860843E-16  -130.73076391362838
0.004519480519480552      6.938893903907228E-18    -1.0408340855860843E-16  -129.33855627557523
0.0045454545454545765     6.938893903907228E-18    -1.0408340855860843E-16  -127.84087325672476
0.004571428571428606      6.938893903907228E-18    -1.0408340855860843E-16  -126.34319023787492
0.0045974025974026295     6.938893903907228E-18    -1.0408340855860843E-16  -124.84550721902451
0.004623376623376655      6.938893903907228E-18    -1.0408340855860843E-16  -123.34782420017405
0.004649350649350683      6.938893903907228E-18    -1.0408340855860843E-16  -121.85014118132244
0.004675324675324708      6.938893903907228E-18    -1.0408340855860843E-16  -120.35245816247334
0.004701298701298735      6.938893903907228E-18    -1.0408340855860843E-16  -118.87281827741413
0.004727272727272759      6.938893903907228E-18    -1.0408340855860843E-16  -117.38274558862713
0.004753246753246788      6.938893903907228E-18    -1.0408340855860843E-16  -115.89267289984105
0.004779220779220812      6.938893903907228E-18    -1.0408340855860843E-16  -114.410969092611
0.0048051948051948375     6.938893903907228E-18    -1.0408340855860843E-16  -112.92226267193936
0.004831168831168867      6.938893903907228E-18    -1.0408340855860843E-16  -111.41351927634514
0.0048571428571428914     6.938893903907228E-18    -1.0408340855860843E-16  -109.92765836532726
0.004883116883116917      6.938893903907228E-18    -1.0408340855860843E-16  -108.45481786517621
0.0049090909090909445     6.938893903907228E-18    -1.0408340855860843E-16  -106.97093042906545
0.00493506493506497       6.938893903907228E-18    -1.0408340855860843E-16  -105.48704299295514
0.004961038961038996      6.938893903907228E-18    -1.0408340855860843E-16  -104.00315555684392
0.004987012987013023      6.938893903907228E-18    -1.0408340855860843E-16  -102.51926812073327
0.00501298701298705       6.938893903907228E-18    -1.0408340855860843E-16  -101.00365422653897
0.005038961038961074      6.938893903907228E-18    -1.0408340855860843E-16  -99.53062381761634
0.005064935064935099      6.938893903907228E-18    -1.0408340855860843E-16  -98.05759340869304
0.005090909090909127      6.938893903907228E-18    -1.0408340855860843E-16  -96.58456299977138
0.0051168831168831525     6.938893903907228E-18    -1.0408340855860843E-16  -95.11153259085108
0.005142857142857179      6.938893903907228E-18    -1.0408340855860843E-16  -93.65905754820037
0.005168831168831206      6.938893903907228E-18    -1.0408340855860843E-16  -92.27629208951203
0.005194805194805232      6.938893903907228E-18    -1.0408340855860843E-16  -90.89352663082474
0.005220779220779256      6.938893903907228E-18    -1.0408340855860843E-16  -89.51076117213532
0.005246753246753285      6.938893903907228E-18    -1.0408340855860843E-16  -88.12799571344684
0.005272727272727311      6.938893903907228E-18    -1.0408340855860843E-16  -86.7452302547577
0.005298701298701336      6.938893903907228E-18    -1.0408340855860843E-16  -85.36246479607024
0.005324675324675361      6.938893903907228E-18    -1.0408340855860843E-16  -83.94196729641769
0.005350649350649389      6.938893903907228E-18    -1.0408340855860843E-16  -82.53709942742378
0.005376623376623414      6.938893903907228E-18    -1.0408340855860843E-16  -81.13223155842924
0.00540259740259744       6.938893903907228E-18    -1.0408340855860843E-16  -80.05884499529247
0.005428571428571468      6.938893903907228E-18    -1.0408340855860843E-16  -78.6854589942609
0.005454545454545493      6.938893903907228E-18    -1.0408340855860843E-16  -77.39430223623799
0.005480519480519518      6.938893903907228E-18    -1.0408340855860843E-16  -76.10314547821679
0.005506493506493547      6.938893903907228E-18    -1.0408340855860843E-16  -74.7574404304213
0.005532467532467571      6.938893903907228E-18    -1.0408340855860843E-16  -73.52740561748844
0.0055584415584415976     6.938893903907228E-18    -1.0408340855860843E-16  -72.2973708045532
0.005584415584415624      6.938893903907228E-18    -1.0408340855860843E-16  -71.03260252827592
0.005610389610389651      6.938893903907228E-18    -1.0408340855860843E-16  -69.7909768124184
0.005636363636363676      6.938893903907228E-18    -1.0408340855860843E-16  -68.54935109656422
0.0056623376623377        6.938893903907228E-18    -1.0408340855860843E-16  -67.30772538071007
0.005688311688311729      6.938893903907228E-18    -1.0408340855860843E-16  -66.06609966485354
0.005714285714285755      6.938893903907228E-18    -1.0408340855860843E-16  -65.04340033998318
0.00574025974025978       6.938893903907228E-18    -1.0408340855860843E-16  -63.993428558432356
0.005766233766233808      6.938893903907228E-18    -1.0408340855860843E-16  -62.94345677687727
0.005792207792207833      6.938893903907228E-18    -1.0408340855860843E-16  -61.893484995324116
0.005818181818181859      6.938893903907228E-18    -1.0408340855860843E-16  -60.843513213768574
0.005844155844155886      6.938893903907228E-18    -1.0408340855860843E-16  -59.83053352711704
0.0058701298701299125     6.938893903907228E-18    -1.0408340855860843E-16  -58.763689547454305
0.005896103896103937      6.938893903907228E-18    -1.0408340855860843E-16  -57.6982643025508
0.005922077922077962      6.938893903907228E-18    -1.0408340855860843E-16  -56.638871582483716
0.005948051948051991      6.938893903907228E-18    -1.0408340855860843E-16  -55.579478862417545
0.005974025974026015      6.938893903907228E-18    -1.0408340855860843E-16  -54.35848722503715
0.006000000000000042      6.938893903907228E-18    -1.0408340855860843E-16  -53.47852542235296
0.006025974025974068      6.938893903907228E-18    -1.0408340855860843E-16  -52.59760364603471
0.006051948051948095      6.938893903907228E-18    -1.0408340855860843E-16  -51.71981948717257
0.0060779220779221205     6.938893903907228E-18    -1.0408340855860843E-16  -50.842035328309976
0.006103896103896148      6.938893903907228E-18    -1.0408340855860843E-16  -49.964251169446925
0.006129870129870174      6.938893903907228E-18    -1.0408340855860843E-16  -49.05753022822273
0.006155844155844199      6.938893903907228E-18    -1.0408340855860843E-16  -48.16501843316814
0.0061818181818182275     6.938893903907228E-18    -1.0408340855860843E-16  -47.27250663811424
0.006207792207792252      6.938893903907228E-18    -1.0408340855860843E-16  -46.39031482193013
0.006233766233766277      6.938893903907228E-18    -1.0408340855860843E-16  -45.51949591217624
0.006259740259740304      6.938893903907228E-18    -1.0408340855860843E-16  -44.64867700241905
0.00628571428571433       6.938893903907228E-18    -1.0408340855860843E-16  -43.77785809266379
0.006311688311688357      6.938893903907228E-18    -1.0408340855860843E-16  -42.90703918290774
0.006337662337662382      6.938893903907228E-18    -1.0408340855860843E-16  -42.49583640519245
0.00636363636363641       6.938893903907228E-18    -1.0408340855860843E-16  -41.35851078404154
0.0063896103896104355     6.938893903907228E-18    -1.0408340855860843E-16  -40.66712295317319
0.006415584415584459      6.938893903907228E-18    -1.0408340855860843E-16  -39.975735122305856
0.0064415584415584886     6.938893903907228E-18    -1.0408340855860843E-16  -39.28434729143921
0.0064675324675325125     6.938893903907228E-18    -1.0408340855860843E-16  -38.59295946057325
0.006493506493506539      6.938893903907228E-18    -1.0408340855860843E-16  -37.90157162970624
0.006519480519480565      6.938893903907228E-18    -1.0408340855860843E-16  -37.210183798839736
0.006545454545454592      6.938893903907228E-18    -1.0408340855860843E-16  -36.51879596797291
0.006571428571428619      6.938893903907228E-18    -1.0408340855860843E-16  -35.827408137106154
0.0065974025974026435     6.938893903907228E-18    -1.0408340855860843E-16  -35.136020306239914
0.006623376623376672      6.938893903907228E-18    -1.0408340855860843E-16  -34.68489685601559
0.006649350649350697      6.938893903907228E-18    -1.0408340855860843E-16  -34.02460576461158
0.006675324675324721      6.938893903907228E-18    -1.0408340855860843E-16  -33.40848655235004
0.0067012987012987505     6.938893903907228E-18    -1.0408340855860843E-16  -32.7923673400835
0.006727272727272774      6.938893903907228E-18    -1.0408340855860843E-16  -32.17624812781855
0.006753246753246801      6.938893903907228E-18    -1.0408340855860843E-16  -31.433323652790747
0.0067792207792208275     6.938893903907228E-18    -1.0408340855860843E-16  -30.908845166664648
0.006805194805194854      6.938893903907228E-18    -1.0408340855860843E-16  -30.38436668054147
0.00683116883116888       6.938893903907228E-18    -1.0408340855860843E-16  -29.859888194415824
0.006857142857142904      6.938893903907228E-18    -1.0408340855860843E-16  -29.33540970829091
0.006883116883116933      6.938893903907228E-18    -1.0408340855860843E-16  -28.81093122216663
0.006909090909090957      6.938893903907228E-18    -1.0408340855860843E-16  -28.286452736041262
0.006935064935064983      6.938893903907228E-18    -1.0408340855860843E-16  -27.761974249917273
0.0069610389610390115     6.938893903907228E-18    -1.0408340855860843E-16  -27.23749576379285
0.006987012987013036      6.938893903907228E-18    -1.0408340855860843E-16  -26.861305120861175
0.007012987012987063      6.938893903907228E-18    -1.0408340855860843E-16  -26.376928109641653
0.007038961038961089      6.938893903907228E-18    -1.0408340855860843E-16  -25.892551098422587
0.007064935064935116      6.938893903907228E-18    -1.0408340855860843E-16  -25.408174087202042
0.007090909090909142      6.938893903907228E-18    -1.0408340855860843E-16  -24.923797075984567
0.0071168831168831655     6.938893903907228E-18    -1.0408340855860843E-16  -24.425160277647365
0.007142857142857195      6.938893903907228E-18    -1.0408340855860843E-16  -23.93439763716981
0.007168831168831219      6.938893903907228E-18    -1.0408340855860843E-16  -23.550112588143065
0.007194805194805245      6.938893903907228E-18    -1.0408340855860843E-16  -23.165827539113366
0.007220779220779272      6.938893903907228E-18    -1.0408340855860843E-16  -22.781542490086736
0.007246753246753298      6.938893903907228E-18    -1.0408340855860843E-16  -22.397257441059622
0.007272727272727324      6.938893903907228E-18    -1.0408340855860843E-16  -22.012972392030967
0.007298701298701351      6.938893903907228E-18    -1.0408340855860843E-16  -21.62868734300173
0.007324675324675378      6.938893903907228E-18    -1.0408340855860843E-16  -21.244402293976236
0.007350649350649401      6.938893903907228E-18    -1.0408340855860843E-16  -20.86011724494847
0.007376623376623431      6.938893903907228E-18    -1.0408340855860843E-16  -20.54632725884869
0.007402597402597457      6.938893903907228E-18    -1.0408340855860843E-16  -20.15870483588037
0.0074285714285714805     6.938893903907228E-18    -1.0408340855860843E-16  -19.771082412907163
0.007454545454545507      6.938893903907228E-18    -1.0408340855860843E-16  -19.383459989934636
0.007480519480519534      6.938893903907228E-18    -1.0408340855860843E-16  -19.084628564448394
0.00750649350649356       6.938893903907228E-18    -1.0408340855860843E-16  -18.784087621238086
0.007532467532467586      6.938893903907228E-18    -1.0408340855860843E-16  -18.483546678026805
0.007558441558441613      6.938893903907228E-18    -1.0408340855860843E-16  -18.176037308004197
0.007584415584415639      6.938893903907228E-18    -1.0408340855860843E-16  -17.798093548835823
0.007610389610389663      6.938893903907228E-18    -1.0408340855860843E-16  -17.50917560580342
0.007636363636363693      6.938893903907228E-18    -1.0408340855860843E-16  -17.22025766276738
0.007662337662337716      6.938893903907228E-18    -1.0408340855860843E-16  -16.931339719729863
0.007688311688311742      6.938893903907228E-18    -1.0408340855860843E-16  -16.642421776696438
0.007714285714285768      6.938893903907228E-18    -1.0408340855860843E-16  -16.353503833663126
0.0077402597402597955     6.938893903907228E-18    -1.0408340855860843E-16  -16.06458589062322
0.007766233766233822      6.938893903907228E-18    -1.0408340855860843E-16  -15.826916939608736
0.007792207792207845      6.938893903907228E-18    -1.0408340855860843E-16  -15.498267651528295
0.007818181818181875      6.938893903907228E-18    -1.0408340855860843E-16  -15.257906887801255
0.0078441558441559        6.938893903907228E-18    -1.0408340855860843E-16  -15.017546124073988
0.007870129870129925      6.938893903907228E-18    -1.0408340855860843E-16  -14.77718536034638
0.007896103896103953      6.938893903907228E-18    -1.0408340855860843E-16  -14.53682459661809
0.007922077922077978      6.938893903907228E-18    -1.0408340855860843E-16  -14.296463832889913
0.007948051948052004      6.938893903907228E-18    -1.0408340855860843E-16  -14.056103069162418
0.007974025974026031      6.938893903907228E-18    -1.0408340855860843E-16  -13.820285079075802
0.008000000000000057      6.938893903907228E-18    -1.0408340855860843E-16  -13.608411679417031
0.008025974025974082      6.938893903907228E-18    -1.0408340855860843E-16  -13.365704618507607
0.008051948051948107      6.938893903907228E-18    -1.0408340855860843E-16  -13.119597090999832
0.008077922077922137      6.938893903907228E-18    -1.0408340855860843E-16  -12.930038067778241
0.00810389610389616       6.938893903907228E-18    -1.0408340855860843E-16  -12.731605422615758
0.008129870129870187      6.938893903907228E-18    -1.0408340855860843E-16  -12.537030192099337
0.008155844155844215      6.938893903907228E-18    -1.0408340855860843E-16  -12.329889882063071
0.00818181818181824       6.938893903907228E-18    -1.0408340855860843E-16  -12.122749572025441
0.008207792207792266      6.938893903907228E-18    -1.0408340855860843E-16  -11.91560926198872
0.008233766233766293      6.938893903907228E-18    -1.0408340855860843E-16  -11.70846895195109
0.00825974025974032       6.938893903907228E-18    -1.0408340855860843E-16  -11.501328641916189
0.008285714285714344      6.938893903907228E-18    -1.0408340855860843E-16  -11.327361506519992
0.008311688311688372      6.938893903907228E-18    -1.0408340855860843E-16  -11.164341959136891
0.008337662337662397      6.938893903907228E-18    -1.0408340855860843E-16  -11.001322411749243
0.008363636363636422      6.938893903907228E-18    -1.0408340855860843E-16  -10.838302864365005
0.008389610389610449      6.938893903907228E-18    -1.0408340855860843E-16  -10.675283316978266
0.008415584415584475      6.938893903907228E-18    -1.0408340855860843E-16  -10.512263769594256
0.008441558441558502      6.938893903907228E-18    -1.0408340855860843E-16  -10.325123085432097
0.008467532467532526      6.938893903907228E-18    -1.0408340855860843E-16  -10.162099479257904
0.008493506493506555      6.938893903907228E-18    -1.0408340855860843E-16  -9.99907587308563
0.008519480519480581      6.938893903907228E-18    -1.0408340855860843E-16  -9.83605226691293
0.008545454545454604      6.938893903907228E-18    -1.0408340855860843E-16  -9.673028660742602
0.008571428571428634      6.938893903907228E-18    -1.0408340855860843E-16  -9.53389954597651
0.008597402597402659      6.938893903907228E-18    -1.0408340855860843E-16  -9.395956391045502
0.008623376623376684      6.938893903907228E-18    -1.0408340855860843E-16  -9.258013236115175
0.00864935064935071       6.938893903907228E-18    -1.0408340855860843E-16  -9.120070081186697
0.008675324675324737      6.938893903907228E-18    -1.0408340855860843E-16  -8.990683372652029
0.008701298701298764      6.938893903907228E-18    -1.0408340855860843E-16  -8.855026475068371
0.008727272727272788      6.938893903907228E-18    -1.0408340855860843E-16  -8.719369577485168
0.008753246753246817      6.938893903907228E-18    -1.0408340855860843E-16  -8.583712679905062
0.008779220779220841      6.938893903907228E-18    -1.0408340855860843E-16  -8.434959390866327
0.008805194805194866      6.938893903907228E-18    -1.0408340855860843E-16  -8.31104451558221
0.008831168831168896      6.938893903907228E-18    -1.0408340855860843E-16  -8.18712964029998
0.00885714285714292       6.938893903907228E-18    -1.0408340855860843E-16  -8.063244326636827
0.008883116883116946      6.938893903907228E-18    -1.0408340855860843E-16  -7.953792211057873
0.008909090909090974      6.938893903907228E-18    -1.0408340855860843E-16  -7.844340095479481
0.008935064935064999      6.938893903907228E-18    -1.0408340855860843E-16  -7.734887979900236
0.008961038961039025      6.938893903907228E-18    -1.0408340855860843E-16  -7.62543586432264
0.008987012987013049      6.938893903907228E-18    -1.0408340855860843E-16  -7.515983748744361
0.009012987012987079      6.938893903907228E-18    -1.0408340855860843E-16  -7.406531633166196
0.009038961038961103      6.938893903907228E-18    -1.0408340855860843E-16  -7.2970795175879175
0.009064935064935128      6.938893903907228E-18    -1.0408340855860843E-16  -7.180144167314438
0.009090909090909156      6.938893903907228E-18    -1.0408340855860843E-16  -7.067185872938353
0.009116883116883181      6.938893903907228E-18    -1.0408340855860843E-16  -6.966185187940937
0.009142857142857208      6.938893903907228E-18    -1.0408340855860843E-16  -6.879589551689605
0.009168831168831234      6.938893903907228E-18    -1.0408340855860843E-16  -6.78295615991351
0.00919480519480526       6.938893903907228E-18    -1.0408340855860843E-16  -6.6942593201249565
0.009220779220779286      6.938893903907228E-18    -1.0408340855860843E-16  -6.605562480335607
0.00924675324675331       6.938893903907228E-18    -1.0408340855860843E-16  -6.51686564054728
0.00927272727272734       6.938893903907228E-18    -1.0408340855860843E-16  -6.428168800759437
0.009298701298701363      6.938893903907228E-18    -1.0408340855860843E-16  -6.339471960971309
0.00932467532467539       6.938893903907228E-18    -1.0408340855860843E-16  -6.250775121182869
0.009350649350649418      6.938893903907228E-18    -1.0408340855860843E-16  -6.162078281394088
0.009376623376623443      6.938893903907228E-18    -1.0408340855860843E-16  -6.072507389745397
0.00940259740259747       6.938893903907228E-18    -1.0408340855860843E-16  -5.987232887676782
0.009428571428571496      6.938893903907228E-18    -1.0408340855860843E-16  -5.901958385606349
0.009454545454545523      6.938893903907228E-18    -1.0408340855860843E-16  -5.816683883536143
0.009480519480519548      6.938893903907228E-18    -1.0408340855860843E-16  -5.732369757476022
0.009506493506493576      6.938893903907228E-18    -1.0408340855860843E-16  -5.665570351899021
0.0095324675324676        6.938893903907228E-18    -1.0408340855860843E-16  -5.598770946321849
0.009558441558441625      6.938893903907228E-18    -1.0408340855860843E-16  -5.531971540743598
0.009584415584415652      6.938893903907228E-18    -1.0408340855860843E-16  -5.454021653768905
0.009610389610389678      6.938893903907228E-18    -1.0408340855860843E-16  -5.388592828708624
0.009636363636363705      6.938893903907228E-18    -1.0408340855860843E-16  -5.323164003650845
0.009662337662337732      6.938893903907228E-18    -1.0408340855860843E-16  -5.25553584513599
0.009688311688311758      6.938893903907228E-18    -1.0408340855860843E-16  -5.185624766039018
0.009714285714285785      6.938893903907228E-18    -1.0408340855860843E-16  -5.115713686941135
0.009740259740259808      6.938893903907228E-18    -1.0408340855860843E-16  -5.045802607845033
0.009766233766233838      6.938893903907228E-18    -1.0408340855860843E-16  -4.975891528747198
0.009792207792207862      6.938893903907228E-18    -1.0408340855860843E-16  -4.905980449651679
0.009818181818181887      6.938893903907228E-18    -1.0408340855860843E-16  -4.836069370554043
0.009844155844155914      6.938893903907228E-18    -1.0408340855860843E-16  -4.791409492921019
0.00987012987012994       6.938893903907228E-18    -1.0408340855860843E-16  -4.73464348030123
0.009896103896103967      6.938893903907228E-18    -1.0408340855860843E-16  -4.677877467684851
0.009922077922077992      6.938893903907228E-18    -1.0408340855860843E-16  -4.621111455066085
0.00994805194805202       6.938893903907228E-18    -1.0408340855860843E-16  -4.56434544244912
0.009974025974026047      6.938893903907228E-18    -1.0408340855860843E-16  -4.500387371893794
0.01000000000000007       6.938893903907228E-18    -1.0408340855860843E-16  -4.450297846037415
0.0100259740259741        6.938893903907228E-18    -1.0408340855860843E-16  -4.400208320183822
0.010051948051948123      6.938893903907228E-18    -1.0408340855860843E-16  -4.3501187943282815
0.01007792207792215       6.938893903907228E-18    -1.0408340855860843E-16  -4.300029268473537
0.010103896103896177      6.938893903907228E-18    -1.0408340855860843E-16  -4.249939742618494
0.010129870129870202      6.938893903907228E-18    -1.0408340855860843E-16  -4.199850216763707
0.010155844155844229      6.938893903907228E-18    -1.0408340855860843E-16  -4.149760690908806
0.010181818181818252      6.938893903907228E-18    -1.0408340855860843E-16  -4.099671165053223
0.010207792207792282      6.938893903907228E-18    -1.0408340855860843E-16  -4.055442506318741
0.010233766233766307      6.938893903907228E-18    -1.0408340855860843E-16  -4.0069131399379785
0.010259740259740332      6.938893903907228E-18    -1.0408340855860843E-16  -3.9663141142492577
0.01028571428571436       6.938893903907228E-18    -1.0408340855860843E-16  -3.9209528821914432
0.010311688311688385      6.938893903907228E-18    -1.0408340855860843E-16  -3.8755916501325487
0.010337662337662411      6.938893903907228E-18    -1.0408340855860843E-16  -3.830230418079772
0.010363636363636438      6.938893903907228E-18    -1.0408340855860843E-16  -3.7858018752521048
0.010389610389610464      6.938893903907228E-18    -1.0408340855860843E-16  -3.7460631728629323
0.01041558441558449       6.938893903907228E-18    -1.0408340855860843E-16  -3.706324470474101
0.010441558441558514      6.938893903907228E-18    -1.0408340855860843E-16  -3.6582723052983965
0.010467532467532544      6.938893903907228E-18    -1.0408340855860843E-16  -3.622876125677294
0.010493506493506567      6.938893903907228E-18    -1.0408340855860843E-16  -3.5874799460563054
0.010519480519480593      6.938893903907228E-18    -1.0408340855860843E-16  -3.5520837664361125
0.010545454545454622      6.938893903907228E-18    -1.0408340855860843E-16  -3.5166875868139584
0.010571428571428646      6.938893903907228E-18    -1.0408340855860843E-16  -3.481291407192714
0.010597402597402673      6.938893903907228E-18    -1.0408340855860843E-16  -3.4458952275711
0.0106233766233767        6.938893903907228E-18    -1.0408340855860843E-16  -3.41049904794977
0.010649350649350726      6.938893903907228E-18    -1.0408340855860843E-16  -3.375102868328895
0.010675324675324751      6.938893903907228E-18    -1.0408340855860843E-16  -3.339706688706883
0.01070129870129878       6.938893903907228E-18    -1.0408340855860843E-16  -3.299691784156721
0.010727272727272806      6.938893903907228E-18    -1.0408340855860843E-16  -3.2625916751840123
0.010753246753246829      6.938893903907228E-18    -1.0408340855860843E-16  -3.225491566212895
0.010779220779220855      6.938893903907228E-18    -1.0408340855860843E-16  -3.208817122586744
0.010805194805194882      6.938893903907228E-18    -1.0408340855860843E-16  -3.1797338067013072
0.010831168831168908      6.938893903907228E-18    -1.0408340855860843E-16  -3.150650490815508
0.010857142857142935      6.938893903907228E-18    -1.0408340855860843E-16  -3.1201278654453404
0.010883116883116961      6.938893903907228E-18    -1.0408340855860843E-16  -3.090148795769018
0.010909090909090988      6.938893903907228E-18    -1.0408340855860843E-16  -3.060169726092475
0.010935064935065011      6.938893903907228E-18    -1.0408340855860843E-16  -3.0242041989486204
0.010961038961039041      6.938893903907228E-18    -1.0408340855860843E-16  -2.9999520059849223
0.010987012987013066      6.938893903907228E-18    -1.0408340855860843E-16  -2.975699813022416
0.01101298701298709       6.938893903907228E-18    -1.0408340855860843E-16  -2.9528969902942848
0.011038961038961117      6.938893903907228E-18    -1.0408340855860843E-16  -2.927694488379416
0.011064935064935144      6.938893903907228E-18    -1.0408340855860843E-16  -2.9024919864664867
0.01109090909090917       6.938893903907228E-18    -1.0408340855860843E-16  -2.877289484553046
0.011116883116883195      6.938893903907228E-18    -1.0408340855860843E-16  -2.852086982638525
0.011142857142857223      6.938893903907228E-18    -1.0408340855860843E-16  -2.8268844807253117
0.01116883116883125       6.938893903907228E-18    -1.0408340855860843E-16  -2.801681978810848
0.011194805194805273      6.938893903907228E-18    -1.0408340855860843E-16  -2.7764794768976344
0.011220779220779303      6.938893903907228E-18    -1.0408340855860843E-16  -2.7512769749838526
0.011246753246753326      6.938893903907228E-18    -1.0408340855860843E-16  -2.7260744730723445
0.011272727272727353      6.938893903907228E-18    -1.0408340855860843E-16  -2.6978872574194117
0.011298701298701381      6.938893903907228E-18    -1.0408340855860843E-16  -2.68897393742418
0.011324675324675406      6.938893903907228E-18    -1.0408340855860843E-16  -2.669501580990527
0.011350649350649432      6.938893903907228E-18    -1.0408340855860843E-16  -2.6500292245540393
0.011376623376623455      6.938893903907228E-18    -1.0408340855860843E-16  -2.630556868116628
0.011402597402597485      6.938893903907228E-18    -1.0408340855860843E-16  -2.6110845116784276
0.01142857142857151       6.938893903907228E-18    -1.0408340855860843E-16  -2.588717335762226
0.011454545454545535      6.938893903907228E-18    -1.0408340855860843E-16  -2.5705178311337704
0.011480519480519565      6.938893903907228E-18    -1.0408340855860843E-16  -2.552318326503837
0.011506493506493588      6.938893903907228E-18    -1.0408340855860843E-16  -2.534118821875154
0.011532467532467615      6.938893903907228E-18    -1.0408340855860843E-16  -2.5159193172448795
0.011558441558441641      6.938893903907228E-18    -1.0408340855860843E-16  -2.502296433686297
0.011584415584415668      6.938893903907228E-18    -1.0408340855860843E-16  -2.4854606775893444
0.011610389610389694      6.938893903907228E-18    -1.0408340855860843E-16  -2.4686249214910276
0.01163636363636372       6.938893903907228E-18    -1.0408340855860843E-16  -2.451789165395894
0.011662337662337747      6.938893903907228E-18    -1.0408340855860843E-16  -2.434518016357515
0.01168831168831177       6.938893903907228E-18    -1.0408340855860843E-16  -2.4176062837791505
0.011714285714285797      6.938893903907228E-18    -1.0408340855860843E-16  -2.4006945511973754
0.011740259740259825      6.938893903907228E-18    -1.0408340855860843E-16  -2.3866730092568105
0.01176623376623385       6.938893903907228E-18    -1.0408340855860843E-16  -2.374389717496342
0.011792207792207876      6.938893903907228E-18    -1.0408340855860843E-16  -2.3621064257366697
0.011818181818181903      6.938893903907228E-18    -1.0408340855860843E-16  -2.3498231339743754
0.01184415584415593       6.938893903907228E-18    -1.0408340855860843E-16  -2.337539842213914
0.011870129870129954      6.938893903907228E-18    -1.0408340855860843E-16  -2.325256550453105
0.011896103896103983      6.938893903907228E-18    -1.0408340855860843E-16  -2.3127696122194266
0.011922077922078009      6.938893903907228E-18    -1.0408340855860843E-16  -2.300639578903997
0.011948051948052032      6.938893903907228E-18    -1.0408340855860843E-16  -2.2864867254570527
0.011974025974026059      6.938893903907228E-18    -1.0408340855860843E-16  -2.274382274451227
0.012000000000000085      6.938893903907228E-18    -1.0408340855860843E-16  -2.2622778234465386
0.012025974025974112      6.938893903907228E-18    -1.0408340855860843E-16  -2.2501733724413526
0.012051948051948138      6.938893903907228E-18    -1.0408340855860843E-16  -2.2380689214352287
0.012077922077922165      6.938893903907228E-18    -1.0408340855860843E-16  -2.22642247475369
0.012103896103896191      6.938893903907228E-18    -1.0408340855860843E-16  -2.2184444979229454
0.012129870129870214      6.938893903907228E-18    -1.0408340855860843E-16  -2.2104665210922576
0.012155844155844244      6.938893903907228E-18    -1.0408340855860843E-16  -2.2024885442603477
0.01218181818181827       6.938893903907228E-18    -1.0408340855860843E-16  -2.1945105674296883
0.012207792207792294      6.938893903907228E-18    -1.0408340855860843E-16  -2.186532590601246
0.012233766233766324      6.938893903907228E-18    -1.0408340855860843E-16  -2.178554613767801
0.012259740259740347      6.938893903907228E-18    -1.0408340855860843E-16  -2.170576636934129
0.012285714285714374      6.938893903907228E-18    -1.0408340855860843E-16  -2.1621297937351756
0.012311688311688399      6.938893903907228E-18    -1.0408340855860843E-16  -2.1530777318944274
0.012337662337662427      6.938893903907228E-18    -1.0408340855860843E-16  -2.1485232604486555
0.012363636363636453      6.938893903907228E-18    -1.0408340855860843E-16  -2.1423540580362896
0.012389610389610476      6.938893903907228E-18    -1.0408340855860843E-16  -2.1333983367673
0.012415584415584506      6.938893903907228E-18    -1.0408340855860843E-16  -2.128065807473604
0.01244155844155853       6.938893903907228E-18    -1.0408340855860843E-16  -2.122733278180931
0.012467532467532556      6.938893903907228E-18    -1.0408340855860843E-16  -2.115976743251622
0.012493506493506583      6.938893903907228E-18    -1.0408340855860843E-16  -2.1101981852530116
0.012519480519480609      6.938893903907228E-18    -1.0408340855860843E-16  -2.104419627253492
0.012545454545454636      6.938893903907228E-18    -1.0408340855860843E-16  -2.0986410692526647
0.012571428571428659      6.938893903907228E-18    -1.0408340855860843E-16  -2.092862511254875
0.012597402597402689      6.938893903907228E-18    -1.0408340855860843E-16  -2.087083953255501
0.012623376623376713      6.938893903907228E-18    -1.0408340855860843E-16  -2.081305395256777
0.012649350649350738      6.938893903907228E-18    -1.0408340855860843E-16  -2.0783369840146406
0.012675324675324768      6.938893903907228E-18    -1.0408340855860843E-16  -2.076517349370363
0.012701298701298791      6.938893903907228E-18    -1.0408340855860843E-16  -2.074697714725062
0.012727272727272818      6.938893903907228E-18    -1.0408340855860843E-16  -2.0728780800833633
0.012753246753246844      6.938893903907228E-18    -1.0408340855860843E-16  -2.0710584454398173
0.012779220779220871      6.938893903907228E-18    -1.0408340855860843E-16  -2.068782931761689
0.012805194805194898      6.938893903907228E-18    -1.0408340855860843E-16  -2.066955369321022
0.012831168831168924      6.938893903907228E-18    -1.0408340855860843E-16  -2.065127806881833
0.01285714285714295       6.938893903907228E-18    -1.0408340855860843E-16  -2.0633002444405975
0.012883116883116974      6.938893903907228E-18    -1.0408340855860843E-16  -2.0614726820035685
0.012909090909091         6.938893903907228E-18    -1.0408340855860843E-16  -2.0596451195629015
0.012935064935065027      6.938893903907228E-18    -1.0408340855860843E-16  -2.057826656614907
0.012961038961039053      6.938893903907228E-18    -1.0408340855860843E-16  -2.0556321916362776
0.01298701298701308       6.938893903907228E-18    -1.0408340855860843E-16  -2.05343772665492
