% Model:              new_trap_efield_far.mph
% Version:            COMSOL 5.0.0.243
% Date:               Dec 2 2019, 13:40
% Dimension:          3
% Nodes:              1001
% Expressions:        1
% Description:        Electric field, y component
% Length unit:        m
% x                       y                        z                        es.Ey (V/m)
-8.673617379884035E-19    -0.01298701298701306     -1.0408340855860843E-16  -0.13016775656253304
-8.673617379884035E-19    -0.012961038961039034    -1.0408340855860843E-16  -0.13031996567471243
-8.673617379884035E-19    -0.01293506493506501     -1.0408340855860843E-16  -0.1304721747868957
-8.673617379884035E-19    -0.012909090909090981    -1.0408340855860843E-16  -0.13062438389907557
-8.673617379884035E-19    -0.012883116883116955    -1.0408340855860843E-16  -0.13077659301125652
-8.673617379884035E-19    -0.012857142857142932    -1.0408340855860843E-16  -0.13095781042937335
-8.673617379884035E-19    -0.012831168831168905    -1.0408340855860843E-16  -0.1310800938417249
-8.673617379884035E-19    -0.012805194805194878    -1.0408340855860843E-16  -0.13110526291611088
-8.673617379884035E-19    -0.012779220779220852    -1.0408340855860843E-16  -0.13122118430153326
-8.673617379884035E-19    -0.012753246753246825    -1.0408340855860843E-16  -0.13133710568695553
-8.673617379884035E-19    -0.012727272727272799    -1.0408340855860843E-16  -0.13145302707237794
-8.673617379884035E-19    -0.012701298701298772    -1.0408340855860843E-16  -0.1315689484578002
-8.673617379884035E-19    -0.012675324675324747    -1.0408340855860843E-16  -0.13168486984322256
-8.673617379884035E-19    -0.012649350649350721    -1.0408340855860843E-16  -0.13180079122864485
-8.673617379884035E-19    -0.012623376623376696    -1.0408340855860843E-16  -0.13195010589011824
-8.673617379884035E-19    -0.01259740259740267     -1.0408340855860843E-16  -0.13235025599264058
-8.673617379884035E-19    -0.012571428571428643    -1.0408340855860843E-16  -0.1327504060951631
-8.673617379884035E-19    -0.012545454545454617    -1.0408340855860843E-16  -0.13315055619768557
-8.673617379884035E-19    -0.01251948051948059     -1.0408340855860843E-16  -0.13355070630020782
-8.673617379884035E-19    -0.012493506493506565    -1.0408340855860843E-16  -0.13395085640273016
-8.673617379884035E-19    -0.012467532467532537    -1.0408340855860843E-16  -0.134293906922109
-8.673617379884035E-19    -0.012441558441558512    -1.0408340855860843E-16  -0.1346464973110106
-8.673617379884035E-19    -0.012415584415584487    -1.0408340855860843E-16  -0.13499908769991228
-8.673617379884035E-19    -0.01238961038961046     -1.0408340855860843E-16  -0.13535167808881385
-8.673617379884035E-19    -0.012363636363636434    -1.0408340855860843E-16  -0.1357042684777154
-8.673617379884035E-19    -0.012337662337662408    -1.0408340855860843E-16  -0.13605685886661695
-8.673617379884035E-19    -0.012311688311688381    -1.0408340855860843E-16  -0.13637669759940912
-8.673617379884035E-19    -0.012285714285714355    -1.0408340855860843E-16  -0.1371182509948441
-8.673617379884035E-19    -0.01225974025974033     -1.0408340855860843E-16  -0.1376994778991466
-8.673617379884035E-19    -0.012233766233766302    -1.0408340855860843E-16  -0.13828070480344912
-8.673617379884035E-19    -0.012207792207792275    -1.0408340855860843E-16  -0.13886193170775135
-8.673617379884035E-19    -0.012181818181818252    -1.0408340855860843E-16  -0.13944315861205384
-8.673617379884035E-19    -0.012155844155844225    -1.0408340855860843E-16  -0.1400243855163561
-8.673617379884035E-19    -0.012129870129870199    -1.0408340855860843E-16  -0.14048662217703234
-8.673617379884035E-19    -0.012103896103896172    -1.0408340855860843E-16  -0.14111659081403125
-8.673617379884035E-19    -0.012077922077922148    -1.0408340855860843E-16  -0.1417465594510302
-8.673617379884035E-19    -0.01205194805194812     -1.0408340855860843E-16  -0.1423765280880293
-8.673617379884035E-19    -0.012025974025974093    -1.0408340855860843E-16  -0.14300649672502833
-8.673617379884035E-19    -0.012000000000000068    -1.0408340855860843E-16  -0.14363646536202704
-8.673617379884035E-19    -0.01197402597402604     -1.0408340855860843E-16  -0.1442664339990262
-8.673617379884035E-19    -0.011948051948052017    -1.0408340855860843E-16  -0.1448964026360251
-8.673617379884035E-19    -0.01192207792207799     -1.0408340855860843E-16  -0.145641665328193
-8.673617379884035E-19    -0.011896103896103963    -1.0408340855860843E-16  -0.14658101808943683
-8.673617379884035E-19    -0.011870129870129937    -1.0408340855860843E-16  -0.14752037085068065
-8.673617379884035E-19    -0.01184415584415591     -1.0408340855860843E-16  -0.14845972361192447
-8.673617379884035E-19    -0.011818181818181886    -1.0408340855860843E-16  -0.14939907637316835
-8.673617379884035E-19    -0.011792207792207857    -1.0408340855860843E-16  -0.15027312811198612
-8.673617379884035E-19    -0.011766233766233833    -1.0408340855860843E-16  -0.15120031673842618
-8.673617379884035E-19    -0.011740259740259806    -1.0408340855860843E-16  -0.15212750536486622
-8.673617379884035E-19    -0.011714285714285781    -1.0408340855860843E-16  -0.15305469399130645
-8.673617379884035E-19    -0.011688311688311755    -1.0408340855860843E-16  -0.1539818826177465
-8.673617379884035E-19    -0.011662337662337728    -1.0408340855860843E-16  -0.15490907124418654
-8.673617379884035E-19    -0.011636363636363702    -1.0408340855860843E-16  -0.15583625987062624
-8.673617379884035E-19    -0.011610389610389675    -1.0408340855860843E-16  -0.15676344849706653
-8.673617379884035E-19    -0.01158441558441565     -1.0408340855860843E-16  -0.15769063712350634
-8.673617379884035E-19    -0.011558441558441624    -1.0408340855860843E-16  -0.15897513007848196
-8.673617379884035E-19    -0.011532467532467597    -1.0408340855860843E-16  -0.15996873686041008
-8.673617379884035E-19    -0.01150649350649357     -1.0408340855860843E-16  -0.16089318981471745
-8.673617379884035E-19    -0.011480519480519546    -1.0408340855860843E-16  -0.16221342203095923
-8.673617379884035E-19    -0.01145454545454552     -1.0408340855860843E-16  -0.1635336542472014
-8.673617379884035E-19    -0.011428571428571493    -1.0408340855860843E-16  -0.16485388646344357
-8.673617379884035E-19    -0.011402597402597468    -1.0408340855860843E-16  -0.16617411867968565
-8.673617379884035E-19    -0.01137662337662344     -1.0408340855860843E-16  -0.16749435089592787
-8.673617379884035E-19    -0.011350649350649413    -1.0408340855860843E-16  -0.16881458311217018
-8.673617379884035E-19    -0.011324675324675388    -1.0408340855860843E-16  -0.17013481532841226
-8.673617379884035E-19    -0.011298701298701362    -1.0408340855860843E-16  -0.1715299558560479
-8.673617379884035E-19    -0.011272727272727335    -1.0408340855860843E-16  -0.17283188628774193
-8.673617379884035E-19    -0.01124675324675331     -1.0408340855860843E-16  -0.17413381671943523
-8.673617379884035E-19    -0.011220779220779286    -1.0408340855860843E-16  -0.17543574715112906
-8.673617379884035E-19    -0.011194805194805257    -1.0408340855860843E-16  -0.1772096383924613
-8.673617379884035E-19    -0.01116883116883123     -1.0408340855860843E-16  -0.1787585126220974
-8.673617379884035E-19    -0.011142857142857206    -1.0408340855860843E-16  -0.17999404379816442
-8.673617379884035E-19    -0.011116883116883178    -1.0408340855860843E-16  -0.18163244952023888
-8.673617379884035E-19    -0.011090909090909153    -1.0408340855860843E-16  -0.18298106497063582
-8.673617379884035E-19    -0.011064935064935126    -1.0408340855860843E-16  -0.18468888894110458
-8.673617379884035E-19    -0.011038961038961102    -1.0408340855860843E-16  -0.18639671291157373
-8.673617379884035E-19    -0.011012987012987075    -1.0408340855860843E-16  -0.18810453688204307
-8.673617379884035E-19    -0.010987012987013049    -1.0408340855860843E-16  -0.18981236085251177
-8.673617379884035E-19    -0.010961038961039024    -1.0408340855860843E-16  -0.19152018482298092
-8.673617379884035E-19    -0.010935064935064995    -1.0408340855860843E-16  -0.19322800879345026
-8.673617379884035E-19    -0.01090909090909097     -1.0408340855860843E-16  -0.19544556448584233
-8.673617379884035E-19    -0.010883116883116944    -1.0408340855860843E-16  -0.19728993574665943
-8.673617379884035E-19    -0.010857142857142918    -1.0408340855860843E-16  -0.19913430700747692
-8.673617379884035E-19    -0.010831168831168891    -1.0408340855860843E-16  -0.20113545113944872
-8.673617379884035E-19    -0.010805194805194866    -1.0408340855860843E-16  -0.2029958304646725
-8.673617379884035E-19    -0.010779220779220841    -1.0408340855860843E-16  -0.20485620978989605
-8.673617379884035E-19    -0.010753246753246813    -1.0408340855860843E-16  -0.2065092948721331
-8.673617379884035E-19    -0.010727272727272788    -1.0408340855860843E-16  -0.20881237060556546
-8.673617379884035E-19    -0.010701298701298762    -1.0408340855860843E-16  -0.21111544633899787
-8.673617379884035E-19    -0.010675324675324735    -1.0408340855860843E-16  -0.21341852207243028
-8.673617379884035E-19    -0.010649350649350709    -1.0408340855860843E-16  -0.21550381499303572
-8.673617379884035E-19    -0.010623376623376682    -1.0408340855860843E-16  -0.21787378892051668
-8.673617379884035E-19    -0.010597402597402656    -1.0408340855860843E-16  -0.22024376284799713
-8.673617379884035E-19    -0.010571428571428631    -1.0408340855860843E-16  -0.2226137367754789
-8.673617379884035E-19    -0.010545454545454606    -1.0408340855860843E-16  -0.22498371070295942
-8.673617379884035E-19    -0.010519480519480578    -1.0408340855860843E-16  -0.22735368463044042
-8.673617379884035E-19    -0.010493506493506551    -1.0408340855860843E-16  -0.22972365855792162
-8.673617379884035E-19    -0.010467532467532526    -1.0408340855860843E-16  -0.2320936324854017
-8.673617379884035E-19    -0.010441558441558498    -1.0408340855860843E-16  -0.23446360641288305
-8.673617379884035E-19    -0.010415584415584473    -1.0408340855860843E-16  -0.23683358034036406
-8.673617379884035E-19    -0.010389610389610447    -1.0408340855860843E-16  -0.2392035542678449
-8.673617379884035E-19    -0.010363636363636422    -1.0408340855860843E-16  -0.2427851036147034
-8.673617379884035E-19    -0.010337662337662396    -1.0408340855860843E-16  -0.2453699561493976
-8.673617379884035E-19    -0.010311688311688369    -1.0408340855860843E-16  -0.2476766047073342
-8.673617379884035E-19    -0.010285714285714344    -1.0408340855860843E-16  -0.25077385582106926
-8.673617379884035E-19    -0.010259740259740316    -1.0408340855860843E-16  -0.2538711069348035
-8.673617379884035E-19    -0.010233766233766291    -1.0408340855860843E-16  -0.2571137615908098
-8.673617379884035E-19    -0.010207792207792265    -1.0408340855860843E-16  -0.2601243698363691
-8.673617379884035E-19    -0.010181818181818238    -1.0408340855860843E-16  -0.2631349780819287
-8.673617379884035E-19    -0.010155844155844211    -1.0408340855860843E-16  -0.2658274856150593
-8.673617379884035E-19    -0.010129870129870185    -1.0408340855860843E-16  -0.26918380072364445
-8.673617379884035E-19    -0.01010389610389616     -1.0408340855860843E-16  -0.27254011583222953
-8.673617379884035E-19    -0.010077922077922134    -1.0408340855860843E-16  -0.2758964309408147
-8.673617379884035E-19    -0.010051948051948109    -1.0408340855860843E-16  -0.27925274604939904
-8.673617379884035E-19    -0.010025974025974082    -1.0408340855860843E-16  -0.282609061157984
-8.673617379884035E-19    -0.010000000000000056    -1.0408340855860843E-16  -0.28596537626656915
-8.673617379884035E-19    -0.00997402597402603     -1.0408340855860843E-16  -0.28932169137515484
-8.673617379884035E-19    -0.009948051948052003    -1.0408340855860843E-16  -0.29267800648373976
-8.673617379884035E-19    -0.009922077922077976    -1.0408340855860843E-16  -0.29659644477328073
-8.673617379884035E-19    -0.00989610389610395     -1.0408340855860843E-16  -0.3000300120106535
-8.673617379884035E-19    -0.009870129870129925    -1.0408340855860843E-16  -0.30513836995221943
-8.673617379884035E-19    -0.009844155844155898    -1.0408340855860843E-16  -0.3090546638267211
-8.673617379884035E-19    -0.009818181818181873    -1.0408340855860843E-16  -0.31266524346523195
-8.673617379884035E-19    -0.009792207792207847    -1.0408340855860843E-16  -0.31652294595441777
-8.673617379884035E-19    -0.00976623376623382     -1.0408340855860843E-16  -0.3203806484436011
-8.673617379884035E-19    -0.009740259740259794    -1.0408340855860843E-16  -0.3231323770484296
-8.673617379884035E-19    -0.009714285714285767    -1.0408340855860843E-16  -0.32791614617134973
-8.673617379884035E-19    -0.009688311688311742    -1.0408340855860843E-16  -0.3326999152942709
-8.673617379884035E-19    -0.009662337662337714    -1.0408340855860843E-16  -0.3374836844171918
-8.673617379884035E-19    -0.00963636363636369     -1.0408340855860843E-16  -0.34226745354011223
-8.673617379884035E-19    -0.009610389610389665    -1.0408340855860843E-16  -0.3473704108577329
-8.673617379884035E-19    -0.009584415584415638    -1.0408340855860843E-16  -0.3519964391914261
-8.673617379884035E-19    -0.009558441558441612    -1.0408340855860843E-16  -0.35662246752512083
-8.673617379884035E-19    -0.009532467532467585    -1.0408340855860843E-16  -0.3612484958588138
-8.673617379884035E-19    -0.00950649350649356     -1.0408340855860843E-16  -0.3658745241925079
-8.673617379884035E-19    -0.009480519480519532    -1.0408340855860843E-16  -0.37050055252620195
-8.673617379884035E-19    -0.009454545454545505    -1.0408340855860843E-16  -0.3772060554842822
-8.673617379884035E-19    -0.00942857142857148     -1.0408340855860843E-16  -0.3810013998467323
-8.673617379884035E-19    -0.009402597402597454    -1.0408340855860843E-16  -0.3868194807789306
-8.673617379884035E-19    -0.00937662337662343     -1.0408340855860843E-16  -0.3926375617111256
-8.673617379884035E-19    -0.009350649350649403    -1.0408340855860843E-16  -0.39788654600733153
-8.673617379884035E-19    -0.009324675324675376    -1.0408340855860843E-16  -0.4034098420431571
-8.673617379884035E-19    -0.00929870129870135     -1.0408340855860843E-16  -0.40893313807898257
-8.673617379884035E-19    -0.009272727272727323    -1.0408340855860843E-16  -0.41445643411481026
-8.673617379884035E-19    -0.009246753246753297    -1.0408340855860843E-16  -0.4199797301506363
-8.673617379884035E-19    -0.00922077922077927     -1.0408340855860843E-16  -0.42550302618646274
-8.673617379884035E-19    -0.009194805194805245    -1.0408340855860843E-16  -0.43163887584868066
-8.673617379884035E-19    -0.009168831168831219    -1.0408340855860843E-16  -0.4385339973695319
-8.673617379884035E-19    -0.009142857142857194    -1.0408340855860843E-16  -0.4454291188903823
-8.673617379884035E-19    -0.009116883116883167    -1.0408340855860843E-16  -0.4523242404112341
-8.673617379884035E-19    -0.00909090909090914     -1.0408340855860843E-16  -0.4592193619320847
-8.673617379884035E-19    -0.009064935064935114    -1.0408340855860843E-16  -0.46513632998717636
-8.673617379884035E-19    -0.009038961038961088    -1.0408340855860843E-16  -0.4724202084190515
-8.673617379884035E-19    -0.009012987012987063    -1.0408340855860843E-16  -0.47970408685092786
-8.673617379884035E-19    -0.008987012987013036    -1.0408340855860843E-16  -0.486987965282804
-8.673617379884035E-19    -0.00896103896103901     -1.0408340855860843E-16  -0.4942718437146809
-8.673617379884035E-19    -0.008935064935064983    -1.0408340855860843E-16  -0.5015557221465564
-8.673617379884035E-19    -0.008909090909090957    -1.0408340855860843E-16  -0.5088396005784352
-8.673617379884035E-19    -0.008883116883116932    -1.0408340855860843E-16  -0.5161234790103081
-8.673617379884035E-19    -0.008857142857142905    -1.0408340855860843E-16  -0.5232531870636279
-8.673617379884035E-19    -0.00883116883116888     -1.0408340855860843E-16  -0.5303399257875754
-8.673617379884035E-19    -0.008805194805194852    -1.0408340855860843E-16  -0.5418814217442431
-8.673617379884035E-19    -0.008779220779220826    -1.0408340855860843E-16  -0.5489943746740478
-8.673617379884035E-19    -0.008753246753246801    -1.0408340855860843E-16  -0.5576171080977298
-8.673617379884035E-19    -0.008727272727272774    -1.0408340855860843E-16  -0.5662398415214135
-8.673617379884035E-19    -0.008701298701298748    -1.0408340855860843E-16  -0.5748625749450956
-8.673617379884035E-19    -0.008675324675324721    -1.0408340855860843E-16  -0.5834853083687799
-8.673617379884035E-19    -0.008649350649350697    -1.0408340855860843E-16  -0.5921080417924625
-8.673617379884035E-19    -0.00862337662337667     -1.0408340855860843E-16  -0.6028985040362329
-8.673617379884035E-19    -0.008597402597402643    -1.0408340855860843E-16  -0.6125432365556474
-8.673617379884035E-19    -0.008571428571428617    -1.0408340855860843E-16  -0.6221879690750598
-8.673617379884035E-19    -0.00854545454545459     -1.0408340855860843E-16  -0.6318327015944732
-8.673617379884035E-19    -0.008519480519480566    -1.0408340855860843E-16  -0.6414774341138867
-8.673617379884035E-19    -0.008493506493506539    -1.0408340855860843E-16  -0.6511221666332987
-8.673617379884035E-19    -0.008467532467532513    -1.0408340855860843E-16  -0.662442227776173
-8.673617379884035E-19    -0.008441558441558486    -1.0408340855860843E-16  -0.6706004173938065
-8.673617379884035E-19    -0.008415584415584461    -1.0408340855860843E-16  -0.6827251038965718
-8.673617379884035E-19    -0.008389610389610436    -1.0408340855860843E-16  -0.6948497903993436
-8.673617379884035E-19    -0.008363636363636408    -1.0408340855860843E-16  -0.7069744769021143
-8.673617379884035E-19    -0.008337662337662383    -1.0408340855860843E-16  -0.7190991634048829
-8.673617379884035E-19    -0.008311688311688357    -1.0408340855860843E-16  -0.7312238499076531
-8.673617379884035E-19    -0.00828571428571433     -1.0408340855860843E-16  -0.7433485364104229
-8.673617379884035E-19    -0.008259740259740304    -1.0408340855860843E-16  -0.7543289344851133
-8.673617379884035E-19    -0.008233766233766277    -1.0408340855860843E-16  -0.7664272078121823
-8.673617379884035E-19    -0.00820779220779225     -1.0408340855860843E-16  -0.7785254811392502
-8.673617379884035E-19    -0.008181818181818226    -1.0408340855860843E-16  -0.7919004906240529
-8.673617379884035E-19    -0.008155844155844201    -1.0408340855860843E-16  -0.8060415616118753
-8.673617379884035E-19    -0.008129870129870173    -1.0408340855860843E-16  -0.8201826325997048
-8.673617379884035E-19    -0.008103896103896148    -1.0408340855860843E-16  -0.8343237035875293
-8.673617379884035E-19    -0.008077922077922121    -1.0408340855860843E-16  -0.8484647745753543
-8.673617379884035E-19    -0.008051948051948093    -1.0408340855860843E-16  -0.8626058455631805
-8.673617379884035E-19    -0.008025974025974068    -1.0408340855860843E-16  -0.8772327636094972
-8.673617379884035E-19    -0.008000000000000042    -1.0408340855860843E-16  -0.8859941727888967
-8.673617379884035E-19    -0.007974025974026015    -1.0408340855860843E-16  -0.9032500018999714
-8.673617379884035E-19    -0.00794805194805199     -1.0408340855860843E-16  -0.9205058310110446
-8.673617379884035E-19    -0.007922077922077964    -1.0408340855860843E-16  -0.9377616601221207
-8.673617379884035E-19    -0.007896103896103939    -1.0408340855860843E-16  -0.9550174892331913
-8.673617379884035E-19    -0.00787012987012991     -1.0408340855860843E-16  -0.9722733183442688
-8.673617379884035E-19    -0.007844155844155886    -1.0408340855860843E-16  -0.9895291474553416
-8.673617379884035E-19    -0.00781818181818186     -1.0408340855860843E-16  -1.0067849765664165
-8.673617379884035E-19    -0.007792207792207836    -1.0408340855860843E-16  -1.0240408056774892
-8.673617379884035E-19    -0.007766233766233807    -1.0408340855860843E-16  -1.041296634788566
-8.673617379884035E-19    -0.007740259740259781    -1.0408340855860843E-16  -1.0585524638996386
-8.673617379884035E-19    -0.007714285714285757    -1.0408340855860843E-16  -1.0758082930107133
-8.673617379884035E-19    -0.0076883116883117286   -1.0408340855860843E-16  -1.100650630786773
-8.673617379884035E-19    -0.007662337662337704    -1.0408340855860843E-16  -1.11772665066162
-8.673617379884035E-19    -0.007636363636363677    -1.0408340855860843E-16  -1.134915895085462
-8.673617379884035E-19    -0.007610389610389651    -1.0408340855860843E-16  -1.157475175650017
-8.673617379884035E-19    -0.007584415584415624    -1.0408340855860843E-16  -1.180529334377264
-8.673617379884035E-19    -0.0075584415584415985   -1.0408340855860843E-16  -1.2023493382030384
-8.673617379884035E-19    -0.007532467532467572    -1.0408340855860843E-16  -1.2241693420288138
-8.673617379884035E-19    -0.007506493506493545    -1.0408340855860843E-16  -1.2459893458545905
-8.673617379884035E-19    -0.0074805194805195215   -1.0408340855860843E-16  -1.2678093496803682
-8.673617379884035E-19    -0.007454545454545493    -1.0408340855860843E-16  -1.289629353506144
-8.673617379884035E-19    -0.007428571428571468    -1.0408340855860843E-16  -1.311449357331918
-8.673617379884035E-19    -0.007402597402597442    -1.0408340855860843E-16  -1.3332693611576953
-8.673617379884035E-19    -0.007376623376623415    -1.0408340855860843E-16  -1.3550893649834705
-8.673617379884035E-19    -0.007350649350649389    -1.0408340855860843E-16  -1.3759567038800955
-8.673617379884035E-19    -0.007324675324675363    -1.0408340855860843E-16  -1.403942414111511
-8.673617379884035E-19    -0.0072987012987013366   -1.0408340855860843E-16  -1.433179360488575
-8.673617379884035E-19    -0.00727272727272731     -1.0408340855860843E-16  -1.4625301612941843
-8.673617379884035E-19    -0.007246753246753286    -1.0408340855860843E-16  -1.4915549682517448
-8.673617379884035E-19    -0.0072207792207792595   -1.0408340855860843E-16  -1.5205797752093084
-8.673617379884035E-19    -0.007194805194805233    -1.0408340855860843E-16  -1.5496045821668725
-8.673617379884035E-19    -0.0071688311688312065   -1.0408340855860843E-16  -1.5786293891244418
-8.673617379884035E-19    -0.00714285714285718     -1.0408340855860843E-16  -1.6076541960820092
-8.673617379884035E-19    -0.007116883116883155    -1.0408340855860843E-16  -1.6366790030395695
-8.673617379884035E-19    -0.007090909090909128    -1.0408340855860843E-16  -1.6657038099971384
-8.673617379884035E-19    -0.007064935064935102    -1.0408340855860843E-16  -1.713867486991953
-8.673617379884035E-19    -0.007038961038961076    -1.0408340855860843E-16  -1.7195330360357608
-8.673617379884035E-19    -0.007012987012987049    -1.0408340855860843E-16  -1.7628361106027484
-8.673617379884035E-19    -0.006987012987013024    -1.0408340855860843E-16  -1.798093831811098
-8.673617379884035E-19    -0.006961038961038998    -1.0408340855860843E-16  -1.833351553019451
-8.673617379884035E-19    -0.006935064935064971    -1.0408340855860843E-16  -1.8686092742278024
-8.673617379884035E-19    -0.0069090909090909446   -1.0408340855860843E-16  -1.9038669954361573
-8.673617379884035E-19    -0.006883116883116918    -1.0408340855860843E-16  -1.9391247166445096
-8.673617379884035E-19    -0.006857142857142892    -1.0408340855860843E-16  -1.9743824378528592
-8.673617379884035E-19    -0.006831168831168867    -1.0408340855860843E-16  -2.0096401590612136
-8.673617379884035E-19    -0.006805194805194841    -1.0408340855860843E-16  -2.0448978802695654
-8.673617379884035E-19    -0.006779220779220814    -1.0408340855860843E-16  -2.080155601477916
-8.673617379884035E-19    -0.006753246753246789    -1.0408340855860843E-16  -2.115413322686277
-8.673617379884035E-19    -0.006727272727272762    -1.0408340855860843E-16  -2.150671043894622
-8.673617379884035E-19    -0.006701298701298736    -1.0408340855860843E-16  -2.2058852771167654
-8.673617379884035E-19    -0.006675324675324709    -1.0408340855860843E-16  -2.2517169579388865
-8.673617379884035E-19    -0.006649350649350683    -1.0408340855860843E-16  -2.29754863876101
-8.673617379884035E-19    -0.006623376623376659    -1.0408340855860843E-16  -2.347249041593159
-8.673617379884035E-19    -0.006597402597402633    -1.0408340855860843E-16  -2.3930065554505617
-8.673617379884035E-19    -0.006571428571428606    -1.0408340855860843E-16  -2.4387640693079646
-8.673617379884035E-19    -0.00654545454545458     -1.0408340855860843E-16  -2.4845215831653693
-8.673617379884035E-19    -0.006519480519480553    -1.0408340855860843E-16  -2.530279097022767
-8.673617379884035E-19    -0.006493506493506527    -1.0408340855860843E-16  -2.5750151494867017
-8.673617379884035E-19    -0.0064675324675325      -1.0408340855860843E-16  -2.62156397816954
-8.673617379884035E-19    -0.0064415584415584756   -1.0408340855860843E-16  -2.6761825366867207
-8.673617379884035E-19    -0.006415584415584448    -1.0408340855860843E-16  -2.7335545528319907
-8.673617379884035E-19    -0.006389610389610423    -1.0408340855860843E-16  -2.787483170644045
-8.673617379884035E-19    -0.006363636363636397    -1.0408340855860843E-16  -2.8420895480166677
-8.673617379884035E-19    -0.006337662337662369    -1.0408340855860843E-16  -2.896695925389277
-8.673617379884035E-19    -0.006311688311688345    -1.0408340855860843E-16  -2.9513023027618974
-8.673617379884035E-19    -0.006285714285714318    -1.0408340855860843E-16  -3.0059086801345125
-8.673617379884035E-19    -0.0062597402597402915   -1.0408340855860843E-16  -3.0605150575071223
-8.673617379884035E-19    -0.006233766233766265    -1.0408340855860843E-16  -3.1151214348797396
-8.673617379884035E-19    -0.006207792207792239    -1.0408340855860843E-16  -3.178524304452333
-8.673617379884035E-19    -0.006181818181818212    -1.0408340855860843E-16  -3.247335592880561
-8.673617379884035E-19    -0.006155844155844185    -1.0408340855860843E-16  -3.316146881308793
-8.673617379884035E-19    -0.006129870129870162    -1.0408340855860843E-16  -3.3849581697370072
-8.673617379884035E-19    -0.006103896103896133    -1.0408340855860843E-16  -3.4534218987136454
-8.673617379884035E-19    -0.006077922077922111    -1.0408340855860843E-16  -3.5209930942641527
-8.673617379884035E-19    -0.006051948051948083    -1.0408340855860843E-16  -3.5885642898146717
-8.673617379884035E-19    -0.006025974025974056    -1.0408340855860843E-16  -3.6626402272588656
-8.673617379884035E-19    -0.006000000000000031    -1.0408340855860843E-16  -3.7313229454200476
-8.673617379884035E-19    -0.005974025974026003    -1.0408340855860843E-16  -3.8000056635812376
-8.673617379884035E-19    -0.005948051948051979    -1.0408340855860843E-16  -3.868688381742448
-8.673617379884035E-19    -0.005922077922077953    -1.0408340855860843E-16  -3.94097215300652
-8.673617379884035E-19    -0.005896103896103926    -1.0408340855860843E-16  -4.019583513125514
-8.673617379884035E-19    -0.0058701298701299      -1.0408340855860843E-16  -4.098194873244515
-8.673617379884035E-19    -0.005844155844155874    -1.0408340855860843E-16  -4.176806233363525
-8.673617379884035E-19    -0.005818181818181847    -1.0408340855860843E-16  -4.255417593482509
-8.673617379884035E-19    -0.005792207792207821    -1.0408340855860843E-16  -4.334028953601525
-8.673617379884035E-19    -0.005766233766233796    -1.0408340855860843E-16  -4.434618178029168
-8.673617379884035E-19    -0.005740259740259769    -1.0408340855860843E-16  -4.5208215082802985
-8.673617379884035E-19    -0.005714285714285743    -1.0408340855860843E-16  -4.595379841878975
-8.673617379884035E-19    -0.005688311688311716    -1.0408340855860843E-16  -4.689729991445642
-8.673617379884035E-19    -0.0056623376623376916   -1.0408340855860843E-16  -4.784080141012307
-8.673617379884035E-19    -0.005636363636363664    -1.0408340855860843E-16  -4.878430290578971
-8.673617379884035E-19    -0.0056103896103896385   -1.0408340855860843E-16  -4.972780440145643
-8.673617379884035E-19    -0.005584415584415612    -1.0408340855860843E-16  -5.067130589712312
-8.673617379884035E-19    -0.005558441558441585    -1.0408340855860843E-16  -5.161810788099005
-8.673617379884035E-19    -0.005532467532467561    -1.0408340855860843E-16  -5.255919139544056
-8.673617379884035E-19    -0.005506493506493532    -1.0408340855860843E-16  -5.350027490989122
-8.673617379884035E-19    -0.005480519480519508    -1.0408340855860843E-16  -5.4441358424341715
-8.673617379884035E-19    -0.005454545454545482    -1.0408340855860843E-16  -5.57843690828911
-8.673617379884035E-19    -0.005428571428571454    -1.0408340855860843E-16  -5.684983277154172
-8.673617379884035E-19    -0.005402597402597431    -1.0408340855860843E-16  -5.791529646019196
-8.673617379884035E-19    -0.005376623376623403    -1.0408340855860843E-16  -5.878968447581633
-8.673617379884035E-19    -0.005350649350649377    -1.0408340855860843E-16  -5.991234109929384
-8.673617379884035E-19    -0.005324675324675352    -1.0408340855860843E-16  -6.097982708955634
-8.673617379884035E-19    -0.0052987012987013235   -1.0408340855860843E-16  -6.218882690062607
-8.673617379884035E-19    -0.0052727272727273      -1.0408340855860843E-16  -6.339782671169555
-8.673617379884035E-19    -0.005246753246753272    -1.0408340855860843E-16  -6.460682652276528
-8.673617379884035E-19    -0.005220779220779246    -1.0408340855860843E-16  -6.581582633383494
-8.673617379884035E-19    -0.005194805194805221    -1.0408340855860843E-16  -6.702482614490446
-8.673617379884035E-19    -0.005168831168831193    -1.0408340855860843E-16  -6.823382595597412
-8.673617379884035E-19    -0.005142857142857168    -1.0408340855860843E-16  -6.942762219767047
-8.673617379884035E-19    -0.005116883116883141    -1.0408340855860843E-16  -7.058117058541991
-8.673617379884035E-19    -0.005090909090909116    -1.0408340855860843E-16  -7.173471897316917
-8.673617379884035E-19    -0.005064935064935089    -1.0408340855860843E-16  -7.288826736091853
-8.673617379884035E-19    -0.005038961038961063    -1.0408340855860843E-16  -7.421246404889999
-8.673617379884035E-19    -0.005012987012987038    -1.0408340855860843E-16  -7.5677182845052435
-8.673617379884035E-19    -0.004987012987013011    -1.0408340855860843E-16  -7.714190164120476
-8.673617379884035E-19    -0.004961038961038985    -1.0408340855860843E-16  -7.860662043735731
-8.673617379884035E-19    -0.004935064935064959    -1.0408340855860843E-16  -8.00291968330465
-8.673617379884035E-19    -0.004909090909090932    -1.0408340855860843E-16  -8.143169543233348
-8.673617379884035E-19    -0.004883116883116908    -1.0408340855860843E-16  -8.283419403162021
-8.673617379884035E-19    -0.004857142857142881    -1.0408340855860843E-16  -8.423669263090693
-8.673617379884035E-19    -0.004831168831168853    -1.0408340855860843E-16  -8.56391912301937
-8.673617379884035E-19    -0.004805194805194829    -1.0408340855860843E-16  -8.704168982948055
-8.673617379884035E-19    -0.004779220779220802    -1.0408340855860843E-16  -8.844418842876719
-8.673617379884035E-19    -0.004753246753246776    -1.0408340855860843E-16  -8.984668702805404
-8.673617379884035E-19    -0.004727272727272751    -1.0408340855860843E-16  -9.163276194019042
-8.673617379884035E-19    -0.004701298701298723    -1.0408340855860843E-16  -9.283007930026395
-8.673617379884035E-19    -0.004675324675324699    -1.0408340855860843E-16  -9.4475317218377
-8.673617379884035E-19    -0.004649350649350672    -1.0408340855860843E-16  -9.612055513649034
-8.673617379884035E-19    -0.004623376623376644    -1.0408340855860843E-16  -9.776579305460364
-8.673617379884035E-19    -0.00459740259740262     -1.0408340855860843E-16  -9.941103097271705
-8.673617379884035E-19    -0.004571428571428593    -1.0408340855860843E-16  -10.105626889083037
-8.673617379884035E-19    -0.004545454545454567    -1.0408340855860843E-16  -10.270150680894378
-8.673617379884035E-19    -0.00451948051948054     -1.0408340855860843E-16  -10.434674472705705
-8.673617379884035E-19    -0.004493506493506516    -1.0408340855860843E-16  -10.599198264517009
-8.673617379884035E-19    -0.004467532467532488    -1.0408340855860843E-16  -10.763722056328364
-8.673617379884035E-19    -0.004441558441558462    -1.0408340855860843E-16  -10.92824584813971
-8.673617379884035E-19    -0.004415584415584437    -1.0408340855860843E-16  -11.098623241175972
-8.673617379884035E-19    -0.0043896103896104086   -1.0408340855860843E-16  -11.261609638909231
-8.673617379884035E-19    -0.004363636363636384    -1.0408340855860843E-16  -11.416346318026157
-8.673617379884035E-19    -0.004337662337662358    -1.0408340855860843E-16  -11.637503264687178
-8.673617379884035E-19    -0.0043116883116883315   -1.0408340855860843E-16  -11.817661588946525
-8.673617379884035E-19    -0.004285714285714307    -1.0408340855860843E-16  -11.95720939377005
-8.673617379884035E-19    -0.0042597402597402785   -1.0408340855860843E-16  -12.142999165373208
-8.673617379884035E-19    -0.004233766233766252    -1.0408340855860843E-16  -12.328788936976322
-8.673617379884035E-19    -0.004207792207792228    -1.0408340855860843E-16  -12.514578708579439
-8.673617379884035E-19    -0.0041818181818182015   -1.0408340855860843E-16  -12.700368480182577
-8.673617379884035E-19    -0.004155844155844176    -1.0408340855860843E-16  -12.886158251785687
-8.673617379884035E-19    -0.004129870129870149    -1.0408340855860843E-16  -13.071948023388819
-8.673617379884035E-19    -0.004103896103896122    -1.0408340855860843E-16  -13.25773779499195
-8.673617379884035E-19    -0.004077922077922096    -1.0408340855860843E-16  -13.443527566595062
-8.673617379884035E-19    -0.004051948051948071    -1.0408340855860843E-16  -13.629317338198174
-8.673617379884035E-19    -0.004025974025974043    -1.0408340855860843E-16  -13.815107109801314
-8.673617379884035E-19    -0.004000000000000019    -1.0408340855860843E-16  -14.000896881404437
-8.673617379884035E-19    -0.003974025974025993    -1.0408340855860843E-16  -14.186686653007566
-8.673617379884035E-19    -0.003948051948051966    -1.0408340855860843E-16  -14.419284225708111
-8.673617379884035E-19    -0.0039220779220779396   -1.0408340855860843E-16  -14.617334614781257
-8.673617379884035E-19    -0.003896103896103913    -1.0408340855860843E-16  -14.81538500385442
-8.673617379884035E-19    -0.0038701298701298873   -1.0408340855860843E-16  -15.013435392927544
-8.673617379884035E-19    -0.003844155844155861    -1.0408340855860843E-16  -15.211485782000702
-8.673617379884035E-19    -0.003818181818181836    -1.0408340855860843E-16  -15.389029680534069
-8.673617379884035E-19    -0.0037922077922078077   -1.0408340855860843E-16  -15.599400102583399
-8.673617379884035E-19    -0.003766233766233781    -1.0408340855860843E-16  -15.809770524632725
-8.673617379884035E-19    -0.0037402597402597573   -1.0408340855860843E-16  -16.02014094668208
-8.673617379884035E-19    -0.003714285714285729    -1.0408340855860843E-16  -16.23051136873141
-8.673617379884035E-19    -0.003688311688311707    -1.0408340855860843E-16  -16.440881790780736
-8.673617379884035E-19    -0.0036623376623376785   -1.0408340855860843E-16  -16.650420632882494
-8.673617379884035E-19    -0.003636363636363651    -1.0408340855860843E-16  -16.85986611045239
-8.673617379884035E-19    -0.003610389610389627    -1.0408340855860843E-16  -17.069311588022327
-8.673617379884035E-19    -0.003584415584415599    -1.0408340855860843E-16  -17.278757065592227
-8.673617379884035E-19    -0.0035584415584415724   -1.0408340855860843E-16  -17.52111917263258
-8.673617379884035E-19    -0.0035324675324675484   -1.0408340855860843E-16  -17.740902153270845
-8.673617379884035E-19    -0.003506493506493522    -1.0408340855860843E-16  -17.960685133909074
-8.673617379884035E-19    -0.0034805194805194953   -1.0408340855860843E-16  -18.157134735436596
-8.673617379884035E-19    -0.003454545454545469    -1.0408340855860843E-16  -18.38314041487257
-8.673617379884035E-19    -0.0034285714285714423   -1.0408340855860843E-16  -18.609146094308613
-8.673617379884035E-19    -0.0034025974025974166   -1.0408340855860843E-16  -18.83515177374462
-8.673617379884035E-19    -0.003376623376623392    -1.0408340855860843E-16  -19.061157453180627
-8.673617379884035E-19    -0.0033506493506493635   -1.0408340855860843E-16  -19.287163132616655
-8.673617379884035E-19    -0.0033246753246753387   -1.0408340855860843E-16  -19.513168812052673
-8.673617379884035E-19    -0.003298701298701312    -1.0408340855860843E-16  -19.73917449148872
-8.673617379884035E-19    -0.0032727272727272865   -1.0408340855860843E-16  -19.965180170924594
-8.673617379884035E-19    -0.00324675324675326     -1.0408340855860843E-16  -20.191185850360668
-8.673617379884035E-19    -0.0032207792207792343   -1.0408340855860843E-16  -20.432361335834553
-8.673617379884035E-19    -0.0031948051948052078   -1.0408340855860843E-16  -20.682631411576487
-8.673617379884035E-19    -0.0031688311688311804   -1.0408340855860843E-16  -20.932901487318333
-8.673617379884035E-19    -0.0031428571428571564   -1.0408340855860843E-16  -21.183171563060288
-8.673617379884035E-19    -0.003116883116883128    -1.0408340855860843E-16  -21.43344163880218
-8.673617379884035E-19    -0.0030909090909091042   -1.0408340855860843E-16  -21.683711714544074
-8.673617379884035E-19    -0.0030649350649350777   -1.0408340855860843E-16  -21.938458479000502
-8.673617379884035E-19    -0.0030389610389610494   -1.0408340855860843E-16  -22.186407363107904
-8.673617379884035E-19    -0.0030129870129870263   -1.0408340855860843E-16  -22.434356247215106
-8.673617379884035E-19    -0.002987012987012998    -1.0408340855860843E-16  -22.68230513132248
-8.673617379884035E-19    -0.0029610389610389715   -1.0408340855860843E-16  -22.93025401542981
-8.673617379884035E-19    -0.0029350649350649476   -1.0408340855860843E-16  -23.175101262889385
-8.673617379884035E-19    -0.0029090909090909193   -1.0408340855860843E-16  -23.422974234840737
-8.673617379884035E-19    -0.0028831168831168945   -1.0408340855860843E-16  -23.66674100772788
-8.673617379884035E-19    -0.002857142857142868    -1.0408340855860843E-16  -23.95688300755252
-8.673617379884035E-19    -0.0028311688311688414   -1.0408340855860843E-16  -24.233748950330188
-8.673617379884035E-19    -0.0028051948051948158   -1.0408340855860843E-16  -24.51061489310794
-8.673617379884035E-19    -0.002779220779220791    -1.0408340855860843E-16  -24.78748083588567
-8.673617379884035E-19    -0.0027532467532467636   -1.0408340855860843E-16  -25.06434677866337
-8.673617379884035E-19    -0.002727272727272737    -1.0408340855860843E-16  -25.34121272144116
-8.673617379884035E-19    -0.0027012987012987114   -1.0408340855860843E-16  -25.618078664218828
-8.673617379884035E-19    -0.002675324675324684    -1.0408340855860843E-16  -25.880549534368356
-8.673617379884035E-19    -0.002649350649350659    -1.0408340855860843E-16  -26.14993637132243
-8.673617379884035E-19    -0.0026233766233766335   -1.0408340855860843E-16  -26.419323208276545
-8.673617379884035E-19    -0.002597402597402606    -1.0408340855860843E-16  -26.688710045230614
-8.673617379884035E-19    -0.0025714285714285804   -1.0408340855860843E-16  -27.00854430288028
-8.673617379884035E-19    -0.0025454545454545547   -1.0408340855860843E-16  -27.31001129810388
-8.673617379884035E-19    -0.0025194805194805273   -1.0408340855860843E-16  -27.611478293327544
-8.673617379884035E-19    -0.0024935064935065034   -1.0408340855860843E-16  -27.912945288551214
-8.673617379884035E-19    -0.002467532467532476    -1.0408340855860843E-16  -28.21441228377494
-8.673617379884035E-19    -0.0024415584415584486   -1.0408340855860843E-16  -28.515879278998355
-8.673617379884035E-19    -0.0024155844155844246   -1.0408340855860843E-16  -28.812732442056898
-8.673617379884035E-19    -0.0023896103896103972   -1.0408340855860843E-16  -29.115880727214574
-8.673617379884035E-19    -0.00236363636363637     -1.0408340855860843E-16  -29.441410478193276
-8.673617379884035E-19    -0.002337662337662346    -1.0408340855860843E-16  -29.765552990147015
-8.673617379884035E-19    -0.0023116883116883185   -1.0408340855860843E-16  -30.086113576598926
-8.673617379884035E-19    -0.0022857142857142937   -1.0408340855860843E-16  -30.406674163050845
-8.673617379884035E-19    -0.002259740259740268    -1.0408340855860843E-16  -30.727234749502813
-8.673617379884035E-19    -0.0022337662337662397   -1.0408340855860843E-16  -31.04779533595478
-8.673617379884035E-19    -0.002207792207792215    -1.0408340855860843E-16  -31.368355922406785
-8.673617379884035E-19    -0.0021818181818181893   -1.0408340855860843E-16  -31.738800779889488
-8.673617379884035E-19    -0.0021558441558441627   -1.0408340855860843E-16  -32.06083351696377
-8.673617379884035E-19    -0.002129870129870136    -1.0408340855860843E-16  -32.4037653921035
-8.673617379884035E-19    -0.0021038961038961105   -1.0408340855860843E-16  -32.74669726724343
-8.673617379884035E-19    -0.002077922077922083    -1.0408340855860843E-16  -33.08962914238333
-8.673617379884035E-19    -0.0020519480519480575   -1.0408340855860843E-16  -33.43256101752309
-8.673617379884035E-19    -0.0020259740259740327   -1.0408340855860843E-16  -33.72014742118641
-8.673617379884035E-19    -0.0020000000000000052   -1.0408340855860843E-16  -34.103570664447766
-8.673617379884035E-19    -0.0019740259740259796   -1.0408340855860843E-16  -34.48699390770894
-8.673617379884035E-19    -0.001948051948051953    -1.0408340855860843E-16  -34.87041715097022
-8.673617379884035E-19    -0.0019220779220779256   -1.0408340855860843E-16  -35.25384039423151
-8.673617379884035E-19    -0.0018961038961039      -1.0408340855860843E-16  -35.63726363749282
-8.673617379884035E-19    -0.0018701298701298752   -1.0408340855860843E-16  -36.02068688075409
-8.673617379884035E-19    -0.0018441558441558478   -1.0408340855860843E-16  -36.4041101240154
-8.673617379884035E-19    -0.0018181818181818238   -1.0408340855860843E-16  -36.78753336727656
-8.673617379884035E-19    -0.0017922077922077964   -1.0408340855860843E-16  -37.170956610537914
-8.673617379884035E-19    -0.0017662337662337681   -1.0408340855860843E-16  -37.55437985379927
-8.673617379884035E-19    -0.001740259740259745    -1.0408340855860843E-16  -37.937803097060545
-8.673617379884035E-19    -0.0017142857142857177   -1.0408340855860843E-16  -38.28042200842928
-8.673617379884035E-19    -0.0016883116883116929   -1.0408340855860843E-16  -38.78277476566051
-8.673617379884035E-19    -0.0016623376623376663   -1.0408340855860843E-16  -39.158357516915885
-8.673617379884035E-19    -0.0016363636363636398   -1.0408340855860843E-16  -39.511447067456
-8.673617379884035E-19    -0.0016103896103896133   -1.0408340855860843E-16  -39.96307927430047
-8.673617379884035E-19    -0.0015844155844155876   -1.0408340855860843E-16  -40.40040951551248
-8.673617379884035E-19    -0.001558441558441561    -1.0408340855860843E-16  -40.84007842771469
-8.673617379884035E-19    -0.0015324675324675354   -1.0408340855860843E-16  -41.28288750114422
-8.673617379884035E-19    -0.0015064935064935097   -1.0408340855860843E-16  -41.72569657457381
-8.673617379884035E-19    -0.0014805194805194823   -1.0408340855860843E-16  -42.168505648003325
-8.673617379884035E-19    -0.0014545454545454558   -1.0408340855860843E-16  -42.61131472143296
-8.673617379884035E-19    -0.001428571428571431    -1.0408340855860843E-16  -43.05412379486239
-8.673617379884035E-19    -0.0014025974025974036   -1.0408340855860843E-16  -43.49693286829192
-8.673617379884035E-19    -0.0013766233766233779   -1.0408340855860843E-16  -43.93974194172141
-8.673617379884035E-19    -0.001350649350649353    -1.0408340855860843E-16  -44.38255101515105
-8.673617379884035E-19    -0.0013246753246753257   -1.0408340855860843E-16  -44.82536008858052
-8.673617379884035E-19    -0.0012987012987012991   -1.0408340855860843E-16  -45.26816916201021
-8.673617379884035E-19    -0.0012727272727272735   -1.0408340855860843E-16  -45.71097823543958
-8.673617379884035E-19    -0.001246753246753246    -1.0408340855860843E-16  -46.255185276153775
-8.673617379884035E-19    -0.001220779220779223    -1.0408340855860843E-16  -46.76433819195698
-8.673617379884035E-19    -0.0011948051948051956   -1.0408340855860843E-16  -47.27349110776049
-8.673617379884035E-19    -0.0011688311688311682   -1.0408340855860843E-16  -47.782644023564046
-8.673617379884035E-19    -0.0011428571428571434   -1.0408340855860843E-16  -48.29179693936743
-8.673617379884035E-19    -0.0011168831168831168   -1.0408340855860843E-16  -48.82517009398887
-8.673617379884035E-19    -0.0010909090909090912   -1.0408340855860843E-16  -49.3357349078228
-8.673617379884035E-19    -0.0010649350649350655   -1.0408340855860843E-16  -49.84629972165675
-8.673617379884035E-19    -0.001038961038961038    -1.0408340855860843E-16  -50.35686453549062
-8.673617379884035E-19    -0.0010129870129870124   -1.0408340855860843E-16  -50.86742934932468
-8.673617379884035E-19    -9.870129870129868E-4    -1.0408340855860843E-16  -51.39859287795065
-8.673617379884035E-19    -9.610389610389602E-4    -1.0408340855860843E-16  -51.91476780141997
-8.673617379884035E-19    -9.350649350649337E-4    -1.0408340855860843E-16  -52.48139531195186
-8.673617379884035E-19    -9.09090909090908E-4     -1.0408340855860843E-16  -53.04802282248296
-8.673617379884035E-19    -8.831168831168815E-4    -1.0408340855860843E-16  -53.614650333014794
-8.673617379884035E-19    -8.571428571428558E-4    -1.0408340855860843E-16  -54.18219961274312
-8.673617379884035E-19    -8.311688311688301E-4    -1.0408340855860843E-16  -54.700900705002255
-8.673617379884035E-19    -8.051948051948027E-4    -1.0408340855860843E-16  -55.28917747944911
-8.673617379884035E-19    -7.79220779220777E-4     -1.0408340855860843E-16  -55.877454253896516
-8.673617379884035E-19    -7.532467532467514E-4    -1.0408340855860843E-16  -56.46573102834307
-8.673617379884035E-19    -7.27272727272724E-4     -1.0408340855860843E-16  -57.05400780279001
-8.673617379884035E-19    -7.012987012986983E-4    -1.0408340855860843E-16  -57.64228457723732
-8.673617379884035E-19    -6.753246753246726E-4    -1.0408340855860843E-16  -58.23056135168406
-8.673617379884035E-19    -6.493506493506452E-4    -1.0408340855860843E-16  -58.89805361421965
-8.673617379884035E-19    -6.233766233766213E-4    -1.0408340855860843E-16  -59.52828338052238
-8.673617379884035E-19    -5.974025974025939E-4    -1.0408340855860843E-16  -60.158513146825044
-8.673617379884035E-19    -5.714285714285674E-4    -1.0408340855860843E-16  -60.7722009659952
-8.673617379884035E-19    -5.454545454545425E-4    -1.0408340855860843E-16  -61.42586635868548
-8.673617379884035E-19    -5.194805194805151E-4    -1.0408340855860843E-16  -62.0795317513755
-8.673617379884035E-19    -4.935064935064903E-4    -1.0408340855860843E-16  -62.706784281343346
-8.673617379884035E-19    -4.6753246753246467E-4   -1.0408340855860843E-16  -63.36115471696587
-8.673617379884035E-19    -4.4155844155843726E-4   -1.0408340855860843E-16  -64.01552515258831
-8.673617379884035E-19    -4.155844155844116E-4    -1.0408340855860843E-16  -64.66989558821084
-8.673617379884035E-19    -3.896103896103859E-4    -1.0408340855860843E-16  -65.32426602383322
-8.673617379884035E-19    -3.636363636363585E-4    -1.0408340855860843E-16  -65.97863645945584
-8.673617379884035E-19    -3.3766233766233285E-4   -1.0408340855860843E-16  -66.63300689507834
-8.673617379884035E-19    -3.116883116883072E-4    -1.0408340855860843E-16  -67.28737733070082
-8.673617379884035E-19    -2.8571428571428064E-4   -1.0408340855860843E-16  -67.94174776632312
-8.673617379884035E-19    -2.5974025974025497E-4   -1.0408340855860843E-16  -68.67988048448665
-8.673617379884035E-19    -2.3376623376622843E-4   -1.0408340855860843E-16  -69.43605495120855
-8.673617379884035E-19    -2.0779220779220103E-4   -1.0408340855860843E-16  -70.19222941793124
-8.673617379884035E-19    -1.8181818181817536E-4   -1.0408340855860843E-16  -70.94840388465323
-8.673617379884035E-19    -1.5584415584415055E-4   -1.0408340855860843E-16  -71.70457835137573
-8.673617379884035E-19    -1.2987012987012315E-4   -1.0408340855860843E-16  -72.460752818098
-8.673617379884035E-19    -1.0389610389609748E-4   -1.0408340855860843E-16  -73.21692728482034
-8.673617379884035E-19    -7.792207792207094E-5    -1.0408340855860843E-16  -73.97310175154229
-8.673617379884035E-19    -5.19480519480444E-5     -1.0408340855860843E-16  -74.71805851134792
-8.673617379884035E-19    -2.5974025974020466E-5   -1.0408340855860843E-16  -75.4658441262929
-8.673617379884035E-19    6.938893903907228E-18    -1.0408340855860843E-16  -76.21362974123903
-8.673617379884035E-19    2.5974025974031742E-5    -1.0408340855860843E-16  -76.97115728902072
-8.673617379884035E-19    5.1948051948060014E-5    -1.0408340855860843E-16  -77.7077037082322
-8.673617379884035E-19    7.792207792208482E-5     -1.0408340855860843E-16  -78.53405120226466
-8.673617379884035E-19    1.0389610389611136E-4    -1.0408340855860843E-16  -79.35819901359673
-8.673617379884035E-19    1.2987012987013963E-4    -1.0408340855860843E-16  -80.1741377175598
-8.673617379884035E-19    1.5584415584416443E-4    -1.0408340855860843E-16  -80.99007642152247
-8.673617379884035E-19    1.8181818181818923E-4    -1.0408340855860843E-16  -81.80601512548549
-8.673617379884035E-19    2.0779220779221404E-4    -1.0408340855860843E-16  -82.62195382944842
-8.673617379884035E-19    2.337662337662423E-4     -1.0408340855860843E-16  -83.43789253341112
-8.673617379884035E-19    2.5974025974026885E-4    -1.0408340855860843E-16  -84.33136346671483
-8.673617379884035E-19    2.8571428571429365E-4    -1.0408340855860843E-16  -85.18309703329129
-8.673617379884035E-19    3.116883116883219E-4     -1.0408340855860843E-16  -86.0348305998684
-8.673617379884035E-19    3.376623376623467E-4     -1.0408340855860843E-16  -86.88325360474869
-8.673617379884035E-19    3.6363636363637153E-4    -1.0408340855860843E-16  -87.71081988125235
-8.673617379884035E-19    3.896103896103998E-4     -1.0408340855860843E-16  -88.61713320801107
-8.673617379884035E-19    4.1558441558442547E-4    -1.0408340855860843E-16  -89.2848920197315
-8.673617379884035E-19    4.4155844155845114E-4    -1.0408340855860843E-16  -90.21997823584843
-8.673617379884035E-19    4.6753246753247595E-4    -1.0408340855860843E-16  -91.15506445196553
-8.673617379884035E-19    4.935064935065042E-4     -1.0408340855860843E-16  -92.09015066808303
-8.673617379884035E-19    5.19480519480529E-4      -1.0408340855860843E-16  -93.02523688420015
-8.673617379884035E-19    5.454545454545547E-4     -1.0408340855860843E-16  -93.96032310031728
-8.673617379884035E-19    5.71428571428583E-4      -1.0408340855860843E-16  -94.90330812571494
-8.673617379884035E-19    5.974025974026078E-4     -1.0408340855860843E-16  -95.82083417754015
-8.673617379884035E-19    6.233766233766334E-4     -1.0408340855860843E-16  -96.73836022936555
-8.673617379884035E-19    6.493506493506617E-4     -1.0408340855860843E-16  -97.65588628119039
-8.673617379884035E-19    6.753246753246865E-4     -1.0408340855860843E-16  -98.5734123330158
-8.673617379884035E-19    7.012987012987122E-4     -1.0408340855860843E-16  -99.49093838484097
-8.673617379884035E-19    7.272727272727405E-4     -1.0408340855860843E-16  -100.40846443666635
-8.673617379884035E-19    7.532467532467653E-4     -1.0408340855860843E-16  -101.41621341095595
-8.673617379884035E-19    7.792207792207909E-4     -1.0408340855860843E-16  -102.34639810960209
-8.673617379884035E-19    8.051948051948157E-4     -1.0408340855860843E-16  -103.27658280824835
-8.673617379884035E-19    8.31168831168844E-4      -1.0408340855860843E-16  -104.36077893821954
-8.673617379884035E-19    8.571428571428697E-4     -1.0408340855860843E-16  -105.34797620475044
-8.673617379884035E-19    8.831168831168945E-4     -1.0408340855860843E-16  -106.19663392850771
-8.673617379884035E-19    9.090909090909228E-4     -1.0408340855860843E-16  -107.19730130554376
-8.673617379884035E-19    9.350649350649476E-4     -1.0408340855860843E-16  -108.19796868258027
-8.673617379884035E-19    9.610389610389732E-4     -1.0408340855860843E-16  -109.19863605961655
-8.673617379884035E-19    9.870129870130015E-4     -1.0408340855860843E-16  -110.19930343665305
-8.673617379884035E-19    0.0010129870129870263    -1.0408340855860843E-16  -111.19997081368973
-8.673617379884035E-19    0.001038961038961052     -1.0408340855860843E-16  -112.20063819072607
-8.673617379884035E-19    0.0010649350649350768    -1.0408340855860843E-16  -113.2013055677626
-8.673617379884035E-19    0.001090909090909105     -1.0408340855860843E-16  -114.20197294479888
-8.673617379884035E-19    0.0011168831168831307    -1.0408340855860843E-16  -115.20264032183525
-8.673617379884035E-19    0.0011428571428571555    -1.0408340855860843E-16  -116.20330769887153
-8.673617379884035E-19    0.0011688311688311838    -1.0408340855860843E-16  -117.24589549548185
-8.673617379884035E-19    0.0011948051948052095    -1.0408340855860843E-16  -118.2690184358192
-8.673617379884035E-19    0.0012207792207792343    -1.0408340855860843E-16  -119.29214137615541
-8.673617379884035E-19    0.0012467532467532625    -1.0408340855860843E-16  -120.31526431649209
-8.673617379884035E-19    0.0012727272727272873    -1.0408340855860843E-16  -121.3328932292464
-8.673617379884035E-19    0.001298701298701313     -1.0408340855860843E-16  -122.36087049993529
-8.673617379884035E-19    0.0013246753246753413    -1.0408340855860843E-16  -123.3855636679159
-8.673617379884035E-19    0.001350649350649367     -1.0408340855860843E-16  -124.41025683589618
-8.673617379884035E-19    0.0013766233766233918    -1.0408340855860843E-16  -125.42826703617934
-8.673617379884035E-19    0.0014025974025974166    -1.0408340855860843E-16  -126.45375702644523
-8.673617379884035E-19    0.0014285714285714448    -1.0408340855860843E-16  -127.47924701671099
-8.673617379884035E-19    0.0014545454545454696    -1.0408340855860843E-16  -128.5047370069764
-8.673617379884035E-19    0.0014805194805194962    -1.0408340855860843E-16  -129.5302269972421
-8.673617379884035E-19    0.0015064935064935244    -1.0408340855860843E-16  -130.55571698750776
-8.673617379884035E-19    0.0015324675324675492    -1.0408340855860843E-16  -131.5812069777736
-8.673617379884035E-19    0.001558441558441574     -1.0408340855860843E-16  -132.60669696803916
-8.673617379884035E-19    0.0015844155844156023    -1.0408340855860843E-16  -133.632186958305
-8.673617379884035E-19    0.0016103896103896271    -1.0408340855860843E-16  -134.6576769485705
-8.673617379884035E-19    0.0016363636363636537    -1.0408340855860843E-16  -135.68316693883583
-8.673617379884035E-19    0.001662337662337681     -1.0408340855860843E-16  -136.72206819177995
-8.673617379884035E-19    0.0016883116883117067    -1.0408340855860843E-16  -137.63952709964008
-8.673617379884035E-19    0.0017142857142857315    -1.0408340855860843E-16  -138.7833013741846
-8.673617379884035E-19    0.0017402597402597563    -1.0408340855860843E-16  -139.72995409141606
-8.673617379884035E-19    0.0017662337662337846    -1.0408340855860843E-16  -140.65969854240052
-8.673617379884035E-19    0.0017922077922078103    -1.0408340855860843E-16  -141.63176780994434
-8.673617379884035E-19    0.001818181818181836     -1.0408340855860843E-16  -142.6038370774878
-8.673617379884035E-19    0.0018441558441558642    -1.0408340855860843E-16  -143.5759063450322
-8.673617379884035E-19    0.001870129870129889     -1.0408340855860843E-16  -144.54797561257539
-8.673617379884035E-19    0.0018961038961039138    -1.0408340855860843E-16  -145.52004488011846
-8.673617379884035E-19    0.0019220779220779421    -1.0408340855860843E-16  -146.49211414766262
-8.673617379884035E-19    0.001948051948051967     -1.0408340855860843E-16  -147.46418341520598
-8.673617379884035E-19    0.0019740259740259935    -1.0408340855860843E-16  -148.36243952553673
-8.673617379884035E-19    0.0020000000000000183    -1.0408340855860843E-16  -149.34642417469837
-8.673617379884035E-19    0.0020259740259740465    -1.0408340855860843E-16  -150.1906899051235
-8.673617379884035E-19    0.0020519480519480713    -1.0408340855860843E-16  -151.08819975756109
-8.673617379884035E-19    0.002077922077922096     -1.0408340855860843E-16  -151.9857096099973
-8.673617379884035E-19    0.0021038961038961244    -1.0408340855860843E-16  -152.88321946243434
-8.673617379884035E-19    0.00212987012987015      -1.0408340855860843E-16  -153.72349517485736
-8.673617379884035E-19    0.0021558441558441757    -1.0408340855860843E-16  -154.5526277243806
-8.673617379884035E-19    0.002181818181818204     -1.0408340855860843E-16  -155.38176027390375
-8.673617379884035E-19    0.002207792207792229     -1.0408340855860843E-16  -156.23690626616593
-8.673617379884035E-19    0.0022337662337662536    -1.0408340855860843E-16  -157.072289081034
-8.673617379884035E-19    0.002259740259740282     -1.0408340855860843E-16  -157.9076718959007
-8.673617379884035E-19    0.0022857142857143076    -1.0408340855860843E-16  -158.7430547107685
-8.673617379884035E-19    0.0023116883116883324    -1.0408340855860843E-16  -159.5784375256357
-8.673617379884035E-19    0.002337662337662358     -1.0408340855860843E-16  -160.4138203405043
-8.673617379884035E-19    0.0023636363636363863    -1.0408340855860843E-16  -161.38458480913405
-8.673617379884035E-19    0.002389610389610411     -1.0408340855860843E-16  -161.95839943609923
-8.673617379884035E-19    0.002415584415584437     -1.0408340855860843E-16  -162.53221406306344
-8.673617379884035E-19    0.002441558441558465     -1.0408340855860843E-16  -163.10602869002864
-8.673617379884035E-19    0.00246753246753249      -1.0408340855860843E-16  -163.67984331699364
-8.673617379884035E-19    0.0024935064935065155    -1.0408340855860843E-16  -164.25365794395879
-8.673617379884035E-19    0.002519480519480543     -1.0408340855860843E-16  -164.8274725709236
-8.673617379884035E-19    0.0025454545454545686    -1.0408340855860843E-16  -165.4012871978885
-8.673617379884035E-19    0.0025714285714285943    -1.0408340855860843E-16  -166.02621316917742
-8.673617379884035E-19    0.002597402597402619     -1.0408340855860843E-16  -166.62551253457318
-8.673617379884035E-19    0.0026233766233766474    -1.0408340855860843E-16  -167.22481189996842
-8.673617379884035E-19    0.002649350649350673     -1.0408340855860843E-16  -167.07669259080308
-8.673617379884035E-19    0.002675324675324698     -1.0408340855860843E-16  -167.891325841901
-8.673617379884035E-19    0.002701298701298727     -1.0408340855860843E-16  -168.45596914299605
-8.673617379884035E-19    0.002727272727272751     -1.0408340855860843E-16  -169.02061244409248
-8.673617379884035E-19    0.0027532467532467766    -1.0408340855860843E-16  -169.8544561340907
-8.673617379884035E-19    0.002779220779220804     -1.0408340855860843E-16  -169.96396871163324
-8.673617379884035E-19    0.0028051948051948297    -1.0408340855860843E-16  -170.1310569039635
-8.673617379884035E-19    0.002831168831168856     -1.0408340855860843E-16  -170.3575969676972
-8.673617379884035E-19    0.0028571428571428827    -1.0408340855860843E-16  -170.58413703142963
-8.673617379884035E-19    0.0028831168831169093    -1.0408340855860843E-16  -170.86481230499464
-8.673617379884035E-19    0.002909090909090933     -1.0408340855860843E-16  -171.12766383089374
-8.673617379884035E-19    0.002935064935064959     -1.0408340855860843E-16  -171.39051535679195
-8.673617379884035E-19    0.0029610389610389863    -1.0408340855860843E-16  -171.65336688268948
-8.673617379884035E-19    0.002987012987013012     -1.0408340855860843E-16  -171.91621840858858
-8.673617379884035E-19    0.0030129870129870385    -1.0408340855860843E-16  -172.17906993448634
-8.673617379884035E-19    0.003038961038961066     -1.0408340855860843E-16  -172.44192146038478
-8.673617379884035E-19    0.0030649350649350916    -1.0408340855860843E-16  -172.61581126245136
-8.673617379884035E-19    0.0030909090909091155    -1.0408340855860843E-16  -172.43454129934057
-8.673617379884035E-19    0.0031168831168831446    -1.0408340855860843E-16  -172.25327133622974
-8.673617379884035E-19    0.0031428571428571703    -1.0408340855860843E-16  -172.07200137311884
-8.673617379884035E-19    0.0031688311688311942    -1.0408340855860843E-16  -171.89073141000816
-8.673617379884035E-19    0.0031948051948052208    -1.0408340855860843E-16  -171.70946144689617
-8.673617379884035E-19    0.003220779220779248     -1.0408340855860843E-16  -171.52819148378555
-8.673617379884035E-19    0.003246753246753274     -1.0408340855860843E-16  -171.34692152067532
-8.673617379884035E-19    0.0032727272727272995    -1.0408340855860843E-16  -171.19125062632853
-8.673617379884035E-19    0.003298701298701327     -1.0408340855860843E-16  -171.0410447259295
-8.673617379884035E-19    0.0033246753246753526    -1.0408340855860843E-16  -170.8908388255287
-8.673617379884035E-19    0.0033506493506493774    -1.0408340855860843E-16  -169.9246699083722
-8.673617379884035E-19    0.0033766233766234057    -1.0408340855860843E-16  -170.31287839744346
-8.673617379884035E-19    0.0034025974025974305    -1.0408340855860843E-16  -169.70747161917734
-8.673617379884035E-19    0.003428571428571456     -1.0408340855860843E-16  -169.39529895157375
-8.673617379884035E-19    0.0034545454545454853    -1.0408340855860843E-16  -168.78641020732277
-8.673617379884035E-19    0.0034805194805195092    -1.0408340855860843E-16  -168.17752146307419
-8.673617379884035E-19    0.003506493506493535     -1.0408340855860843E-16  -167.56863271882497
-8.673617379884035E-19    0.0035324675324675597    -1.0408340855860843E-16  -166.9597439745765
-8.673617379884035E-19    0.003558441558441589     -1.0408340855860843E-16  -166.3508552303255
-8.673617379884035E-19    0.0035844155844156145    -1.0408340855860843E-16  -165.74196648607676
-8.673617379884035E-19    0.0036103896103896384    -1.0408340855860843E-16  -165.13307774182772
-8.673617379884035E-19    0.0036363636363636676    -1.0408340855860843E-16  -164.52418899757788
-8.673617379884035E-19    0.0036623376623376915    -1.0408340855860843E-16  -163.91530025332872
-8.673617379884035E-19    0.003688311688311718     -1.0408340855860843E-16  -163.30641150907945
-8.673617379884035E-19    0.0037142857142857446    -1.0408340855860843E-16  -162.69752276483064
-8.673617379884035E-19    0.003740259740259771     -1.0408340855860843E-16  -162.0886340205816
-8.673617379884035E-19    0.003766233766233797     -1.0408340855860843E-16  -160.67198333099384
-8.673617379884035E-19    0.0037922077922078207    -1.0408340855860843E-16  -159.65725962721694
-8.673617379884035E-19    0.00381818181818185      -1.0408340855860843E-16  -158.64253592343812
-8.673617379884035E-19    0.003844155844155874     -1.0408340855860843E-16  -157.58400405068767
-8.673617379884035E-19    0.0038701298701299004    -1.0408340855860843E-16  -156.59666983183172
-8.673617379884035E-19    0.0038961038961039278    -1.0408340855860843E-16  -155.60933561297645
-8.673617379884035E-19    0.003922077922077953     -1.0408340855860843E-16  -154.41019772641062
-8.673617379884035E-19    0.003948051948051979     -1.0408340855860843E-16  -153.49574638323816
-8.673617379884035E-19    0.0039740259740260065    -1.0408340855860843E-16  -152.38637663044062
-8.673617379884035E-19    0.004000000000000032     -1.0408340855860843E-16  -151.2770068776416
-8.673617379884035E-19    0.004025974025974056     -1.0408340855860843E-16  -150.1676371248435
-8.673617379884035E-19    0.004051948051948085     -1.0408340855860843E-16  -149.0582673720459
-8.673617379884035E-19    0.004077922077922112     -1.0408340855860843E-16  -147.94889761924702
-8.673617379884035E-19    0.004103896103896136     -1.0408340855860843E-16  -146.9413977801671
-8.673617379884035E-19    0.004129870129870161     -1.0408340855860843E-16  -145.60032110790007
-8.673617379884035E-19    0.004155844155844189     -1.0408340855860843E-16  -144.25924443563423
-8.673617379884035E-19    0.0041818181818182145    -1.0408340855860843E-16  -142.91816776336736
-8.673617379884035E-19    0.004207792207792241     -1.0408340855860843E-16  -141.57709109110033
-8.673617379884035E-19    0.0042337662337662675    -1.0408340855860843E-16  -140.23601441883307
-8.673617379884035E-19    0.004259740259740294     -1.0408340855860843E-16  -138.89493774656603
-8.673617379884035E-19    0.004285714285714318     -1.0408340855860843E-16  -137.55386107429968
-8.673617379884035E-19    0.004311688311688347     -1.0408340855860843E-16  -136.21278440203332
-8.673617379884035E-19    0.004337662337662371     -1.0408340855860843E-16  -134.87170772976788
-8.673617379884035E-19    0.004363636363636397     -1.0408340855860843E-16  -133.21222751431787
-8.673617379884035E-19    0.004389610389610423     -1.0408340855860843E-16  -131.79156620830236
-8.673617379884035E-19    0.004415584415584451     -1.0408340855860843E-16  -130.30658673690596
-8.673617379884035E-19    0.004441558441558476     -1.0408340855860843E-16  -129.1511817982298
-8.673617379884035E-19    0.0044675324675325       -1.0408340855860843E-16  -127.66161647897593
-8.673617379884035E-19    0.0044935064935065295    -1.0408340855860843E-16  -126.16700106291091
-8.673617379884035E-19    0.004519480519480555     -1.0408340855860843E-16  -124.69887247305542
-8.673617379884035E-19    0.00454545454545458      -1.0408340855860843E-16  -123.20275715139178
-8.673617379884035E-19    0.004571428571428608     -1.0408340855860843E-16  -121.72475613746701
-8.673617379884035E-19    0.004597402597402633     -1.0408340855860843E-16  -120.24675512354361
-8.673617379884035E-19    0.004623376623376659     -1.0408340855860843E-16  -118.76875410961915
-8.673617379884035E-19    0.004649350649350686     -1.0408340855860843E-16  -117.2907530956947
-8.673617379884035E-19    0.004675324675324712     -1.0408340855860843E-16  -115.81275208177044
-8.673617379884035E-19    0.004701298701298737     -1.0408340855860843E-16  -114.33475106784772
-8.673617379884035E-19    0.004727272727272762     -1.0408340855860843E-16  -112.80718567282099
-8.673617379884035E-19    0.004753246753246791     -1.0408340855860843E-16  -111.29764808362484
-8.673617379884035E-19    0.004779220779220815     -1.0408340855860843E-16  -109.80922622065214
-8.673617379884035E-19    0.004805194805194841     -1.0408340855860843E-16  -108.3208043576767
-8.673617379884035E-19    0.004831168831168868     -1.0408340855860843E-16  -106.8323824947015
-8.673617379884035E-19    0.004857142857142894     -1.0408340855860843E-16  -105.3439606317263
-8.673617379884035E-19    0.00488311688311692      -1.0408340855860843E-16  -103.85553876875107
-8.673617379884035E-19    0.004909090909090947     -1.0408340855860843E-16  -102.36711690577715
-8.673617379884035E-19    0.004935064935064974     -1.0408340855860843E-16  -100.87869504280116
-8.673617379884035E-19    0.004961038961038998     -1.0408340855860843E-16  -99.39027317982755
-8.673617379884035E-19    0.004987012987013027     -1.0408340855860843E-16  -98.04471506645814
-8.673617379884035E-19    0.005012987012987052     -1.0408340855860843E-16  -96.5604096114655
-8.673617379884035E-19    0.005038961038961076     -1.0408340855860843E-16  -95.07610415647343
-8.673617379884035E-19    0.005064935064935103     -1.0408340855860843E-16  -93.65634131584738
-8.673617379884035E-19    0.005090909090909129     -1.0408340855860843E-16  -92.24653615470561
-8.673617379884035E-19    0.005116883116883156     -1.0408340855860843E-16  -90.8367309935673
-8.673617379884035E-19    0.005142857142857182     -1.0408340855860843E-16  -89.42692583242592
-8.673617379884035E-19    0.005168831168831209     -1.0408340855860843E-16  -87.91236004404313
-8.673617379884035E-19    0.005194805194805235     -1.0408340855860843E-16  -86.57712239814526
-8.673617379884035E-19    0.0052207792207792595    -1.0408340855860843E-16  -85.26009006075628
-8.673617379884035E-19    0.005246753246753288     -1.0408340855860843E-16  -83.91022987789154
-8.673617379884035E-19    0.005272727272727313     -1.0408340855860843E-16  -82.56036969502696
-8.673617379884035E-19    0.005298701298701338     -1.0408340855860843E-16  -81.21050951216253
-8.673617379884035E-19    0.005324675324675364     -1.0408340855860843E-16  -79.86064932929673
-8.673617379884035E-19    0.005350649350649391     -1.0408340855860843E-16  -78.51078914643278
-8.673617379884035E-19    0.005376623376623417     -1.0408340855860843E-16  -77.16092896356781
-8.673617379884035E-19    0.005402597402597442     -1.0408340855860843E-16  -76.10752415911884
-8.673617379884035E-19    0.00542857142857147      -1.0408340855860843E-16  -74.56180499751281
-8.673617379884035E-19    0.005454545454545497     -1.0408340855860843E-16  -73.48152936552617
-8.673617379884035E-19    0.0054805194805195205    -1.0408340855860843E-16  -72.31736515807006
-8.673617379884035E-19    0.00550649350649355      -1.0408340855860843E-16  -71.15320095061566
-8.673617379884035E-19    0.005532467532467574     -1.0408340855860843E-16  -69.9890367431608
-8.673617379884035E-19    0.005558441558441599     -1.0408340855860843E-16  -68.72894226527592
-8.673617379884035E-19    0.0055844155844156276    -1.0408340855860843E-16  -67.55158567192302
-8.673617379884035E-19    0.005610389610389652     -1.0408340855860843E-16  -66.3742290785699
-8.673617379884035E-19    0.005636363636363679     -1.0408340855860843E-16  -65.19687248521814
-8.673617379884035E-19    0.005662337662337703     -1.0408340855860843E-16  -64.0195158918657
-8.673617379884035E-19    0.005688311688311732     -1.0408340855860843E-16  -62.8421592985128
-8.673617379884035E-19    0.005714285714285756     -1.0408340855860843E-16  -61.66480270516075
-8.673617379884035E-19    0.005740259740259782     -1.0408340855860843E-16  -60.48744611180757
-8.673617379884035E-19    0.00576623376623381      -1.0408340855860843E-16  -59.310089518455584
-8.673617379884035E-19    0.005792207792207835     -1.0408340855860843E-16  -58.13273292510121
-8.673617379884035E-19    0.005818181818181861     -1.0408340855860843E-16  -57.36723637210753
-8.673617379884035E-19    0.005844155844155889     -1.0408340855860843E-16  -56.43081564409272
-8.673617379884035E-19    0.005870129870129914     -1.0408340855860843E-16  -55.49439491608041
-8.673617379884035E-19    0.005896103896103939     -1.0408340855860843E-16  -54.55797418806924
-8.673617379884035E-19    0.005922077922077964     -1.0408340855860843E-16  -53.62155346005602
-8.673617379884035E-19    0.005948051948051994     -1.0408340855860843E-16  -52.68513273204189
-8.673617379884035E-19    0.005974025974026017     -1.0408340855860843E-16  -51.748712004031404
-8.673617379884035E-19    0.0060000000000000435    -1.0408340855860843E-16  -50.86990942604916
-8.673617379884035E-19    0.006025974025974071     -1.0408340855860843E-16  -49.939060287008715
-8.673617379884035E-19    0.006051948051948097     -1.0408340855860843E-16  -48.93351774054281
-8.673617379884035E-19    0.006077922077922123     -1.0408340855860843E-16  -48.083183508711954
-8.673617379884035E-19    0.00610389610389615      -1.0408340855860843E-16  -47.23284927688292
-8.673617379884035E-19    0.006129870129870176     -1.0408340855860843E-16  -46.35781195054582
-8.673617379884035E-19    0.0061558441558442       -1.0408340855860843E-16  -45.48552638781379
-8.673617379884035E-19    0.006181818181818229     -1.0408340855860843E-16  -44.61324082508111
-8.673617379884035E-19    0.006207792207792253     -1.0408340855860843E-16  -43.74095526234967
-8.673617379884035E-19    0.006233766233766279     -1.0408340855860843E-16  -42.86866969961568
-8.673617379884035E-19    0.006259740259740305     -1.0408340855860843E-16  -41.993735124671446
-8.673617379884035E-19    0.006285714285714332     -1.0408340855860843E-16  -41.320508289426016
-8.673617379884035E-19    0.0063116883116883585    -1.0408340855860843E-16  -40.64728145418434
-8.673617379884035E-19    0.006337662337662382     -1.0408340855860843E-16  -39.97405461893928
-8.673617379884035E-19    0.0063636363636364116    -1.0408340855860843E-16  -39.3008277836951
-8.673617379884035E-19    0.006389610389610437     -1.0408340855860843E-16  -38.62760094845123
-8.673617379884035E-19    0.006415584415584461     -1.0408340855860843E-16  -37.95437411320859
-8.673617379884035E-19    0.006441558441558491     -1.0408340855860843E-16  -37.28114727796378
-8.673617379884035E-19    0.006467532467532514     -1.0408340855860843E-16  -36.607920442719774
-8.673617379884035E-19    0.006493506493506541     -1.0408340855860843E-16  -35.93469360747622
-8.673617379884035E-19    0.0065194805194805664    -1.0408340855860843E-16  -35.26146677223119
-8.673617379884035E-19    0.006545454545454594     -1.0408340855860843E-16  -34.62521305134396
-8.673617379884035E-19    0.0065714285714286195    -1.0408340855860843E-16  -33.96178056521751
-8.673617379884035E-19    0.0065974025974026435    -1.0408340855860843E-16  -33.29834807908833
-8.673617379884035E-19    0.0066233766233766735    -1.0408340855860843E-16  -32.634915592959715
-8.673617379884035E-19    0.0066493506493506965    -1.0408340855860843E-16  -32.03980085987655
-8.673617379884035E-19    0.006675324675324723     -1.0408340855860843E-16  -31.432376688246222
-8.673617379884035E-19    0.0067012987012987505    -1.0408340855860843E-16  -30.920431916496227
-8.673617379884035E-19    0.006727272727272776     -1.0408340855860843E-16  -30.408487144744413
-8.673617379884035E-19    0.006753246753246803     -1.0408340855860843E-16  -29.89654237299294
-8.673617379884035E-19    0.006779220779220829     -1.0408340855860843E-16  -29.369892536752772
-8.673617379884035E-19    0.006805194805194856     -1.0408340855860843E-16  -28.842879065740135
-8.673617379884035E-19    0.006831168831168879     -1.0408340855860843E-16  -28.315865594726844
-8.673617379884035E-19    0.006857142857142905     -1.0408340855860843E-16  -27.788852123714193
-8.673617379884035E-19    0.0068831168831169345    -1.0408340855860843E-16  -27.261838652701925
-8.673617379884035E-19    0.0069090909090909584    -1.0408340855860843E-16  -26.73482518168973
-8.673617379884035E-19    0.006935064935064985     -1.0408340855860843E-16  -26.20781171067742
-8.673617379884035E-19    0.0069610389610390115    -1.0408340855860843E-16  -25.680798239663318
-8.673617379884035E-19    0.006987012987013038     -1.0408340855860843E-16  -25.309653039278828
-8.673617379884035E-19    0.007012987012987064     -1.0408340855860843E-16  -24.88055493778404
-8.673617379884035E-19    0.007038961038961091     -1.0408340855860843E-16  -24.45145683628982
-8.673617379884035E-19    0.007064935064935117     -1.0408340855860843E-16  -24.022358734797194
-8.673617379884035E-19    0.007090909090909141     -1.0408340855860843E-16  -23.57633586225188
-8.673617379884035E-19    0.007116883116883167     -1.0408340855860843E-16  -23.182201929775147
-8.673617379884035E-19    0.007142857142857194     -1.0408340855860843E-16  -22.788067997297617
-8.673617379884035E-19    0.00716883116883122      -1.0408340855860843E-16  -22.393934064822474
-8.673617379884035E-19    0.007194805194805246     -1.0408340855860843E-16  -21.999800132346138
-8.673617379884035E-19    0.007220779220779273     -1.0408340855860843E-16  -21.605666199869233
-8.673617379884035E-19    0.007246753246753299     -1.0408340855860843E-16  -21.211532267391703
-8.673617379884035E-19    0.007272727272727323     -1.0408340855860843E-16  -20.83014029606747
-8.673617379884035E-19    0.007298701298701353     -1.0408340855860843E-16  -20.477045651675496
-8.673617379884035E-19    0.007324675324675378     -1.0408340855860843E-16  -20.137306597047996
-8.673617379884035E-19    0.007350649350649403     -1.0408340855860843E-16  -19.786407428429584
-8.673617379884035E-19    0.007376623376623431     -1.0408340855860843E-16  -19.43550825980958
-8.673617379884035E-19    0.007402597402597456     -1.0408340855860843E-16  -19.08460909119077
-8.673617379884035E-19    0.007428571428571481     -1.0408340855860843E-16  -18.733709922572473
-8.673617379884035E-19    0.007454545454545507     -1.0408340855860843E-16  -18.382810753953834
-8.673617379884035E-19    0.007480519480519535     -1.0408340855860843E-16  -18.10601854995832
-8.673617379884035E-19    0.00750649350649356      -1.0408340855860843E-16  -17.807939833645378
-8.673617379884035E-19    0.007532467532467585     -1.0408340855860843E-16  -17.50986111733164
-8.673617379884035E-19    0.007558441558441614     -1.0408340855860843E-16  -17.2117824010179
-8.673617379884035E-19    0.007584415584415638     -1.0408340855860843E-16  -16.934733324163517
-8.673617379884035E-19    0.0076103896103896645    -1.0408340855860843E-16  -16.644771104278334
-8.673617379884035E-19    0.007636363636363691     -1.0408340855860843E-16  -16.354808884397244
-8.673617379884035E-19    0.007662337662337718     -1.0408340855860843E-16  -15.986710928331458
-8.673617379884035E-19    0.007688311688311742     -1.0408340855860843E-16  -15.736857446974312
-8.673617379884035E-19    0.007714285714285767     -1.0408340855860843E-16  -15.487003965618506
-8.673617379884035E-19    0.007740259740259796     -1.0408340855860843E-16  -15.23715048426157
-8.673617379884035E-19    0.00776623376623382      -1.0408340855860843E-16  -14.987297002904526
-8.673617379884035E-19    0.007792207792207847     -1.0408340855860843E-16  -14.737443521548087
-8.673617379884035E-19    0.007818181818181875     -1.0408340855860843E-16  -14.487590040191435
-8.673617379884035E-19    0.0078441558441559       -1.0408340855860843E-16  -14.291661760954526
-8.673617379884035E-19    0.007870129870129926     -1.0408340855860843E-16  -14.054033956069816
-8.673617379884035E-19    0.007896103896103953     -1.0408340855860843E-16  -13.816406151183855
-8.673617379884035E-19    0.00792207792207798      -1.0408340855860843E-16  -13.562550718172133
-8.673617379884035E-19    0.007948051948052004     -1.0408340855860843E-16  -13.349033830335884
-8.673617379884035E-19    0.007974025974026033     -1.0408340855860843E-16  -13.135516942500772
-8.673617379884035E-19    0.008000000000000057     -1.0408340855860843E-16  -12.9220000546662
-8.673617379884035E-19    0.008025974025974082     -1.0408340855860843E-16  -12.708483166829865
-8.673617379884035E-19    0.008051948051948109     -1.0408340855860843E-16  -12.494966278993616
-8.673617379884035E-19    0.008077922077922135     -1.0408340855860843E-16  -12.233707406408485
-8.673617379884035E-19    0.008103896103896162     -1.0408340855860843E-16  -12.057772982724714
-8.673617379884035E-19    0.008129870129870187     -1.0408340855860843E-16  -11.881838559042421
-8.673617379884035E-19    0.008155844155844215     -1.0408340855860843E-16  -11.705904135358423
-8.673617379884035E-19    0.00818181818181824      -1.0408340855860843E-16  -11.529969711673914
-8.673617379884035E-19    0.008207792207792265     -1.0408340855860843E-16  -11.354035287991337
-8.673617379884035E-19    0.008233766233766293     -1.0408340855860843E-16  -11.178100864307169
-8.673617379884035E-19    0.00825974025974032      -1.0408340855860843E-16  -11.002166440624137
-8.673617379884035E-19    0.008285714285714344     -1.0408340855860843E-16  -10.826232016940594
-8.673617379884035E-19    0.008311688311688372     -1.0408340855860843E-16  -10.65024178997956
-8.673617379884035E-19    0.008337662337662397     -1.0408340855860843E-16  -10.474064334414393
-8.673617379884035E-19    0.008363636363636422     -1.0408340855860843E-16  -10.319372554803294
-8.673617379884035E-19    0.008389610389610449     -1.0408340855860843E-16  -10.140188423291647
-8.673617379884035E-19    0.008415584415584477     -1.0408340855860843E-16  -9.961004291782046
-8.673617379884035E-19    0.008441558441558502     -1.0408340855860843E-16  -9.868457905833111
-8.673617379884035E-19    0.008467532467532526     -1.0408340855860843E-16  -9.639499375803155
-8.673617379884035E-19    0.008493506493506555     -1.0408340855860843E-16  -9.508922855025844
-8.673617379884035E-19    0.00851948051948058      -1.0408340855860843E-16  -9.378346334248818
-8.673617379884035E-19    0.008545454545454604     -1.0408340855860843E-16  -9.247769813470086
-8.673617379884035E-19    0.008571428571428633     -1.0408340855860843E-16  -9.117193292691695
-8.673617379884035E-19    0.008597402597402659     -1.0408340855860843E-16  -8.986616771914896
-8.673617379884035E-19    0.008623376623376684     -1.0408340855860843E-16  -8.848765485000285
-8.673617379884035E-19    0.008649350649350709     -1.0408340855860843E-16  -8.716145534647126
-8.673617379884035E-19    0.008675324675324737     -1.0408340855860843E-16  -8.583525584294648
-8.673617379884035E-19    0.008701298701298762     -1.0408340855860843E-16  -8.441014192987836
-8.673617379884035E-19    0.008727272727272788     -1.0408340855860843E-16  -8.301599830229407
-8.673617379884035E-19    0.008753246753246817     -1.0408340855860843E-16  -8.162185467471147
-8.673617379884035E-19    0.008779220779220841     -1.0408340855860843E-16  -8.022771104714451
-8.673617379884035E-19    0.008805194805194866     -1.0408340855860843E-16  -7.883356741952674
-8.673617379884035E-19    0.008831168831168894     -1.0408340855860843E-16  -7.820721063480391
-8.673617379884035E-19    0.00885714285714292      -1.0408340855860843E-16  -7.723549975152537
-8.673617379884035E-19    0.008883116883116946     -1.0408340855860843E-16  -7.611143558233607
-8.673617379884035E-19    0.008909090909090972     -1.0408340855860843E-16  -7.528075061458821
-8.673617379884035E-19    0.008935064935064999     -1.0408340855860843E-16  -7.381711377225201
-8.673617379884035E-19    0.008961038961039024     -1.0408340855860843E-16  -7.25866247080728
-8.673617379884035E-19    0.008987012987013049     -1.0408340855860843E-16  -7.1646505205528115
-8.673617379884035E-19    0.009012987012987077     -1.0408340855860843E-16  -7.070638570298627
-8.673617379884035E-19    0.009038961038961102     -1.0408340855860843E-16  -6.9766266200406335
-8.673617379884035E-19    0.009064935064935128     -1.0408340855860843E-16  -6.8826146697843456
-8.673617379884035E-19    0.009090909090909155     -1.0408340855860843E-16  -6.788602719528626
-8.673617379884035E-19    0.009116883116883181     -1.0408340855860843E-16  -6.695456038350017
-8.673617379884035E-19    0.009142857142857206     -1.0408340855860843E-16  -6.596049833081565
-8.673617379884035E-19    0.009168831168831234     -1.0408340855860843E-16  -6.496643627815047
-8.673617379884035E-19    0.00919480519480526      -1.0408340855860843E-16  -6.397237422547619
-8.673617379884035E-19    0.009220779220779284     -1.0408340855860843E-16  -6.297831217279736
-8.673617379884035E-19    0.00924675324675331      -1.0408340855860843E-16  -6.198425012013274
-8.673617379884035E-19    0.009272727272727337     -1.0408340855860843E-16  -6.0990188067464715
-8.673617379884035E-19    0.009298701298701363     -1.0408340855860843E-16  -6.034882778242263
-8.673617379884035E-19    0.00932467532467539      -1.0408340855860843E-16  -5.962333769035013
-8.673617379884035E-19    0.009350649350649417     -1.0408340855860843E-16  -5.889784759827535
-8.673617379884035E-19    0.009376623376623443     -1.0408340855860843E-16  -5.8172357506216485
-8.673617379884035E-19    0.009402597402597466     -1.0408340855860843E-16  -5.744686741416444
-8.673617379884035E-19    0.009428571428571496     -1.0408340855860843E-16  -5.670678288933459
-8.673617379884035E-19    0.009454545454545521     -1.0408340855860843E-16  -5.594115321572417
-8.673617379884035E-19    0.009480519480519546     -1.0408340855860843E-16  -5.51371907385419
-8.673617379884035E-19    0.009506493506493574     -1.0408340855860843E-16  -5.439127959713346
-8.673617379884035E-19    0.009532467532467599     -1.0408340855860843E-16  -5.364536845571763
-8.673617379884035E-19    0.009558441558441625     -1.0408340855860843E-16  -5.289945731432454
-8.673617379884035E-19    0.009584415584415648     -1.0408340855860843E-16  -5.215354617291268
-8.673617379884035E-19    0.009610389610389678     -1.0408340855860843E-16  -5.140763503150538
-8.673617379884035E-19    0.009636363636363703     -1.0408340855860843E-16  -5.078644195714702
-8.673617379884035E-19    0.009662337662337728     -1.0408340855860843E-16  -5.019360096582602
-8.673617379884035E-19    0.009688311688311758     -1.0408340855860843E-16  -4.960075997450488
-8.673617379884035E-19    0.009714285714285781     -1.0408340855860843E-16  -4.900791898320165
-8.673617379884035E-19    0.009740259740259808     -1.0408340855860843E-16  -4.8415077991888325
-8.673617379884035E-19    0.009766233766233834     -1.0408340855860843E-16  -4.78222370005841
-8.673617379884035E-19    0.00979220779220786      -1.0408340855860843E-16  -4.722939600926907
-8.673617379884035E-19    0.009818181818181886     -1.0408340855860843E-16  -4.663655501795802
-8.673617379884035E-19    0.00984415584415591      -1.0408340855860843E-16  -4.604371402665606
-8.673617379884035E-19    0.00987012987012994      -1.0408340855860843E-16  -4.545087303534274
-8.673617379884035E-19    0.009896103896103963     -1.0408340855860843E-16  -4.485803204404078
-8.673617379884035E-19    0.00992207792207799      -1.0408340855860843E-16  -4.422262862093703
-8.673617379884035E-19    0.009948051948052017     -1.0408340855860843E-16  -4.361340643852145
-8.673617379884035E-19    0.009974025974026043     -1.0408340855860843E-16  -4.310843098547821
-8.673617379884035E-19    0.01000000000000007      -1.0408340855860843E-16  -4.265171262442777
-8.673617379884035E-19    0.010025974025974096     -1.0408340855860843E-16  -4.219499426335233
-8.673617379884035E-19    0.010051948051948123     -1.0408340855860843E-16  -4.173827590230076
-8.673617379884035E-19    0.010077922077922146     -1.0408340855860843E-16  -4.128428252683079
-8.673617379884035E-19    0.010103896103896176     -1.0408340855860843E-16  -4.082206842161952
-8.673617379884035E-19    0.0101298701298702       -1.0408340855860843E-16  -4.035985431639915
-8.673617379884035E-19    0.010155844155844225     -1.0408340855860843E-16  -3.989764021119754
-8.673617379884035E-19    0.010181818181818252     -1.0408340855860843E-16  -3.943542610594932
-8.673617379884035E-19    0.010207792207792278     -1.0408340855860843E-16  -3.8973212000737476
-8.673617379884035E-19    0.010233766233766305     -1.0408340855860843E-16  -3.8553536379463367
-8.673617379884035E-19    0.01025974025974033      -1.0408340855860843E-16  -3.808945846996494
-8.673617379884035E-19    0.010285714285714358     -1.0408340855860843E-16  -3.7660772387504267
-8.673617379884035E-19    0.010311688311688383     -1.0408340855860843E-16  -3.723397080695861
-8.673617379884035E-19    0.010337662337662408     -1.0408340855860843E-16  -3.6893935725765914
-8.673617379884035E-19    0.010363636363636436     -1.0408340855860843E-16  -3.628853281714889
-8.673617379884035E-19    0.01038961038961046      -1.0408340855860843E-16  -3.5952167300221447
-8.673617379884035E-19    0.010415584415584487     -1.0408340855860843E-16  -3.5633515125235817
-8.673617379884035E-19    0.010441558441558512     -1.0408340855860843E-16  -3.5282743912939623
-8.673617379884035E-19    0.01046753246753254      -1.0408340855860843E-16  -3.4931972700669576
-8.673617379884035E-19    0.010493506493506565     -1.0408340855860843E-16  -3.4594121868497894
-8.673617379884035E-19    0.01051948051948059      -1.0408340855860843E-16  -3.4228607086949125
-8.673617379884035E-19    0.01054545454545462      -1.0408340855860843E-16  -3.3863092305405758
-8.673617379884035E-19    0.010571428571428643     -1.0408340855860843E-16  -3.349757752386097
-8.673617379884035E-19    0.01059740259740267      -1.0408340855860843E-16  -3.3132062742313906
-8.673617379884035E-19    0.010623376623376698     -1.0408340855860843E-16  -3.2766547960759453
-8.673617379884035E-19    0.010649350649350723     -1.0408340855860843E-16  -3.2401033179212533
-8.673617379884035E-19    0.010675324675324747     -1.0408340855860843E-16  -3.20355183976514
-8.673617379884035E-19    0.010701298701298776     -1.0408340855860843E-16  -3.167000361609766
-8.673617379884035E-19    0.010727272727272802     -1.0408340855860843E-16  -3.141223852568146
-8.673617379884035E-19    0.010753246753246827     -1.0408340855860843E-16  -3.1140215899547457
-8.673617379884035E-19    0.010779220779220852     -1.0408340855860843E-16  -3.0868193273410043
-8.673617379884035E-19    0.01080519480519488      -1.0408340855860843E-16  -3.0596170647240797
-8.673617379884035E-19    0.010831168831168905     -1.0408340855860843E-16  -3.032414802112953
-8.673617379884035E-19    0.010857142857142931     -1.0408340855860843E-16  -3.0052125394968243
-8.673617379884035E-19    0.010883116883116958     -1.0408340855860843E-16  -2.978010276884106
-8.673617379884035E-19    0.010909090909090985     -1.0408340855860843E-16  -2.9518250844287195
-8.673617379884035E-19    0.01093506493506501      -1.0408340855860843E-16  -2.923976084212427
-8.673617379884035E-19    0.010961038961039038     -1.0408340855860843E-16  -2.8961270839999997
-8.673617379884035E-19    0.010987012987013062     -1.0408340855860843E-16  -2.8682780837854125
-8.673617379884035E-19    0.011012987012987087     -1.0408340855860843E-16  -2.8451652659136357
-8.673617379884035E-19    0.011038961038961114     -1.0408340855860843E-16  -2.817844878650277
-8.673617379884035E-19    0.011064935064935142     -1.0408340855860843E-16  -2.7940972346433384
-8.673617379884035E-19    0.011090909090909167     -1.0408340855860843E-16  -2.7724317771669327
-8.673617379884035E-19    0.011116883116883192     -1.0408340855860843E-16  -2.750766319688143
-8.673617379884035E-19    0.01114285714285722      -1.0408340855860843E-16  -2.71955850060408
-8.673617379884035E-19    0.011168831168831245     -1.0408340855860843E-16  -2.6988615929717525
-8.673617379884035E-19    0.011194805194805271     -1.0408340855860843E-16  -2.6781646853424945
-8.673617379884035E-19    0.011220779220779298     -1.0408340855860843E-16  -2.657467777711247
-8.673617379884035E-19    0.011246753246753324     -1.0408340855860843E-16  -2.6367708700799426
-8.673617379884035E-19    0.011272727272727349     -1.0408340855860843E-16  -2.616073962449377
-8.673617379884035E-19    0.011298701298701377     -1.0408340855860843E-16  -2.595377054819778
-8.673617379884035E-19    0.011324675324675402     -1.0408340855860843E-16  -2.5746801471892553
-8.673617379884035E-19    0.011350649350649427     -1.0408340855860843E-16  -2.554003023869882
-8.673617379884035E-19    0.011376623376623454     -1.0408340855860843E-16  -2.5394279927700154
-8.673617379884035E-19    0.011402597402597482     -1.0408340855860843E-16  -2.520082234020947
-8.673617379884035E-19    0.011428571428571507     -1.0408340855860843E-16  -2.5006197490264412
-8.673617379884035E-19    0.011454545454545531     -1.0408340855860843E-16  -2.4820009961508376
-8.673617379884035E-19    0.01148051948051956      -1.0408340855860843E-16  -2.462632917408172
-8.673617379884035E-19    0.011506493506493585     -1.0408340855860843E-16  -2.446958808449949
-8.673617379884035E-19    0.011532467532467611     -1.0408340855860843E-16  -2.4312846994937445
-8.673617379884035E-19    0.01155844155844164      -1.0408340855860843E-16  -2.415610590536062
-8.673617379884035E-19    0.011584415584415664     -1.0408340855860843E-16  -2.3999364815790614
-8.673617379884035E-19    0.011610389610389689     -1.0408340855860843E-16  -2.3842623726213787
-8.673617379884035E-19    0.011636363636363717     -1.0408340855860843E-16  -2.3685882636646056
-8.673617379884035E-19    0.011662337662337742     -1.0408340855860843E-16  -2.3522344425587107
-8.673617379884035E-19    0.011688311688311769     -1.0408340855860843E-16  -2.3363915929614905
-8.673617379884035E-19    0.011714285714285793     -1.0408340855860843E-16  -2.3205487433651797
-8.673617379884035E-19    0.011740259740259822     -1.0408340855860843E-16  -2.3061626262283426
-8.673617379884035E-19    0.011766233766233846     -1.0408340855860843E-16  -2.294261433942893
-8.673617379884035E-19    0.011792207792207871     -1.0408340855860843E-16  -2.2823602416599442
-8.673617379884035E-19    0.0118181818181819       -1.0408340855860843E-16  -2.270459049374594
-8.673617379884035E-19    0.011844155844155924     -1.0408340855860843E-16  -2.2585578570891585
-8.673617379884035E-19    0.01187012987012995      -1.0408340855860843E-16  -2.2466566648051867
-8.673617379884035E-19    0.011896103896103977     -1.0408340855860843E-16  -2.2359886381500473
-8.673617379884035E-19    0.011922077922078004     -1.0408340855860843E-16  -2.2231903962592696
-8.673617379884035E-19    0.011948051948052029     -1.0408340855860843E-16  -2.2111574031544023
-8.673617379884035E-19    0.011974025974026054     -1.0408340855860843E-16  -2.1991244100518372
-8.673617379884035E-19    0.012000000000000082     -1.0408340855860843E-16  -2.1870914169480784
-8.673617379884035E-19    0.012025974025974107     -1.0408340855860843E-16  -2.175058423844348
-8.673617379884035E-19    0.012051948051948133     -1.0408340855860843E-16  -2.162714017036251
-8.673617379884035E-19    0.012077922077922161     -1.0408340855860843E-16  -2.154657610907634
-8.673617379884035E-19    0.012103896103896186     -1.0408340855860843E-16  -2.1466012047774257
-8.673617379884035E-19    0.012129870129870213     -1.0408340855860843E-16  -2.138544798648695
-8.673617379884035E-19    0.01215584415584424      -1.0408340855860843E-16  -2.1304883925186004
-8.673617379884035E-19    0.012181818181818266     -1.0408340855860843E-16  -2.122431986389074
-8.673617379884035E-19    0.012207792207792289     -1.0408340855860843E-16  -2.1161724319543964
-8.673617379884035E-19    0.012233766233766319     -1.0408340855860843E-16  -2.1079061561119943
-8.673617379884035E-19    0.012259740259740344     -1.0408340855860843E-16  -2.099639880269706
-8.673617379884035E-19    0.012285714285714368     -1.0408340855860843E-16  -2.0913736044226425
-8.673617379884035E-19    0.012311688311688395     -1.0408340855860843E-16  -2.082595572557466
-8.673617379884035E-19    0.012337662337662422     -1.0408340855860843E-16  -2.074355264487849
-8.673617379884035E-19    0.012363636363636448     -1.0408340855860843E-16  -2.065047062005654
-8.673617379884035E-19    0.012389610389610473     -1.0408340855860843E-16  -2.0605705977050874
-8.673617379884035E-19    0.012415584415584501     -1.0408340855860843E-16  -2.056094133402098
-8.673617379884035E-19    0.012441558441558526     -1.0408340855860843E-16  -2.051617669101411
-8.673617379884035E-19    0.01246753246753255      -1.0408340855860843E-16  -2.0471412047990256
-8.673617379884035E-19    0.01249350649350658      -1.0408340855860843E-16  -2.0426647404973366
-8.673617379884035E-19    0.012519480519480604     -1.0408340855860843E-16  -2.0381882761963723
-8.673617379884035E-19    0.01254545454545463      -1.0408340855860843E-16  -2.0337118118940865
-8.673617379884035E-19    0.012571428571428655     -1.0408340855860843E-16  -2.0296718946976853
-8.673617379884035E-19    0.012597402597402683     -1.0408340855860843E-16  -2.0249155627559503
-8.673617379884035E-19    0.01262337662337671      -1.0408340855860843E-16  -2.0190695160139853
-8.673617379884035E-19    0.012649350649350733     -1.0408340855860843E-16  -2.013786763454277
-8.673617379884035E-19    0.012675324675324763     -1.0408340855860843E-16  -2.0085040108912153
-8.673617379884035E-19    0.012701298701298786     -1.0408340855860843E-16  -2.0121049721278723
-8.673617379884035E-19    0.012727272727272813     -1.0408340855860843E-16  -2.010568583616987
-8.673617379884035E-19    0.01275324675324684      -1.0408340855860843E-16  -2.0035685989514604
-8.673617379884035E-19    0.012779220779220866     -1.0408340855860843E-16  -2.001695763641692
-8.673617379884035E-19    0.012805194805194892     -1.0408340855860843E-16  -1.9998229283310138
-8.673617379884035E-19    0.012831168831168919     -1.0408340855860843E-16  -1.9979500930194263
-8.673617379884035E-19    0.012857142857142945     -1.0408340855860843E-16  -1.996077257707384
-8.673617379884035E-19    0.012883116883116968     -1.0408340855860843E-16  -1.9948382404687663
-8.673617379884035E-19    0.012909090909090995     -1.0408340855860843E-16  -1.9926213710278944
-8.673617379884035E-19    0.012935064935065023     -1.0408340855860843E-16  -1.9904045015887277
-8.673617379884035E-19    0.012961038961039048     -1.0408340855860843E-16  -1.9881876321487653
-8.673617379884035E-19    0.012987012987013075     -1.0408340855860843E-16  -1.9859707627053922
