-20.000000 -19.595960 
-19.191919 -18.787879 
-18.383838 -17.979798 
-17.575758 -17.171717 
-16.767677 -16.363636 
-15.959596 -15.555556 
-15.151515 -14.747475 
-14.343434 -13.939394 
-13.535354 -13.131313 
-12.727273 -12.323232 
-11.919192 -11.515152 
-11.111111 -10.707071 
-10.303030 -9.898990 
-9.494949 -9.090909 
-8.686869 -8.282828 
-7.878788 -7.474747 
-7.070707 -6.666667 
-6.262626 -5.858586 
-5.454545 -5.050505 
-4.646465 -4.242424 
-3.838384 -3.434343 
-3.030303 -2.626263 
-2.222222 -1.818182 
-1.414141 -1.010101 
-0.606061 -0.202020 
0.202020 0.606061 
1.010101 1.414141 
1.818182 2.222222 
2.626263 3.030303 
3.434343 3.838384 
4.242424 4.646465 
5.050505 5.454545 
5.858586 6.262626 
6.666667 7.070707 
7.474747 7.878788 
8.282828 8.686869 
9.090909 9.494949 
9.898990 10.303030 
10.707071 11.111111 
11.515152 11.919192 
12.323232 12.727273 
13.131313 13.535354 
13.939394 14.343434 
14.747475 15.151515 
15.555556 15.959596 
16.363636 16.767677 
17.171717 17.575758 
17.979798 18.383838 
18.787879 19.191919 
19.595960 20.000000 
0.344671 0.347632 
0.350492 0.353244 
0.355879 0.358391 
0.360771 0.363012 
0.365108 0.367051 
0.368835 0.370455 
0.371906 0.373182 
0.374281 0.375200 
0.375937 0.376490 
0.376860 0.377049 
0.377057 0.376890 
0.376550 0.376044 
0.375379 0.374562 
0.373602 0.372509 
0.371294 0.369967 
0.368541 0.367029 
0.365444 0.363799 
0.362107 0.360383 
0.358640 0.356891 
0.355150 0.353429 
0.351741 0.350097 
0.348508 0.346985 
0.345536 0.344171 
0.342896 0.341719 
0.340645 0.339678 
0.338823 0.338081 
0.337454 0.336943 
0.336547 0.336263 
0.336090 0.336023 
0.336057 0.336186 
0.336404 0.336702 
0.337073 0.337506 
0.337992 0.338519 
0.339078 0.339655 
0.340240 0.340820 
0.341383 0.341918 
0.342412 0.342855 
0.343234 0.343540 
0.343762 0.343893 
0.343922 0.343843 
0.343650 0.343336 
0.342896 0.342328 
0.341628 0.340795 
0.339826 0.338723 
0.337486 0.336116 
0.334616 0.332988 
0.331237 0.329365 
0.327377 0.325278 
0.323073 0.320768 
0.318368 0.315878 
