0.344671 
0.347632 
0.350492 
0.353244 
0.355879 
0.358391 
0.360771 
0.363012 
0.365108 
0.367051 
0.368835 
0.370455 
0.371906 
0.373182 
0.374281 
0.375200 
0.375937 
0.376490 
0.376860 
0.377049 
0.377057 
0.376890 
0.376550 
0.376044 
0.375379 
0.374562 
0.373602 
0.372509 
0.371294 
0.369967 
0.368541 
0.367029 
0.365444 
0.363799 
0.362107 
0.360383 
0.358640 
0.356891 
0.355150 
0.353429 
0.351741 
0.350097 
0.348508 
0.346985 
0.345536 
0.344171 
0.342896 
0.341719 
0.340645 
0.339678 
0.338823 
0.338081 
0.337454 
0.336943 
0.336547 
0.336263 
0.336090 
0.336023 
0.336057 
0.336186 
0.336404 
0.336702 
0.337073 
0.337506 
0.337992 
0.338519 
0.339078 
0.339655 
0.340240 
0.340820 
0.341383 
0.341918 
0.342412 
0.342855 
0.343234 
0.343540 
0.343762 
0.343893 
0.343922 
0.343843 
0.343650 
0.343336 
0.342896 
0.342328 
0.341628 
0.340795 
0.339826 
0.338723 
0.337486 
0.336116 
0.334616 
0.332988 
0.331237 
0.329365 
0.327377 
0.325278 
0.323073 
0.320768 
0.318368 
0.315878 
