-20.000000 
-19.595960 
-19.191919 
-18.787879 
-18.383838 
-17.979798 
-17.575758 
-17.171717 
-16.767677 
-16.363636 
-15.959596 
-15.555556 
-15.151515 
-14.747475 
-14.343434 
-13.939394 
-13.535354 
-13.131313 
-12.727273 
-12.323232 
-11.919192 
-11.515152 
-11.111111 
-10.707071 
-10.303030 
-9.898990 
-9.494949 
-9.090909 
-8.686869 
-8.282828 
-7.878788 
-7.474747 
-7.070707 
-6.666667 
-6.262626 
-5.858586 
-5.454545 
-5.050505 
-4.646465 
-4.242424 
-3.838384 
-3.434343 
-3.030303 
-2.626263 
-2.222222 
-1.818182 
-1.414141 
-1.010101 
-0.606061 
-0.202020 
0.202020 
0.606061 
1.010101 
1.414141 
1.818182 
2.222222 
2.626263 
3.030303 
3.434343 
3.838384 
4.242424 
4.646465 
5.050505 
5.454545 
5.858586 
6.262626 
6.666667 
7.070707 
7.474747 
7.878788 
8.282828 
8.686869 
9.090909 
9.494949 
9.898990 
10.303030 
10.707071 
11.111111 
11.515152 
11.919192 
12.323232 
12.727273 
13.131313 
13.535354 
13.939394 
14.343434 
14.747475 
15.151515 
15.555556 
15.959596 
16.363636 
16.767677 
17.171717 
17.575758 
17.979798 
18.383838 
18.787879 
19.191919 
19.595960 
20.000000 
