0	0	19300	3.05051e-14
1	2.00001e-06	19300	3.88914e-14
2	4.00002e-06	19300	4.5906e-14
3	6.00003e-06	19300	5.101e-14
4	8.00004e-06	19300	5.4365e-14
5	1.00001e-05	19300	5.63585e-14
6	1.20001e-05	19300	5.73208e-14
7	1.40001e-05	19300	5.7436e-14
8	1.60001e-05	19300	5.67288e-14
9	1.80001e-05	19300	5.5068e-14
10	2.00001e-05	19300	5.21834e-14
11	2.20001e-05	19300	4.77487e-14
12	2.40001e-05	19300	4.16333e-14
13	2.60001e-05	2329	3.43225e-14
14	2.80001e-05	2329	2.70199e-14
15	3.00002e-05	2329	2.09312e-14
16	3.20002e-05	2329	1.65476e-14
17	3.40002e-05	2329	1.37503e-14
18	3.60002e-05	2329	1.22326e-14
19	3.80002e-05	2329	1.17553e-14
20	4.00002e-05	2329	1.22334e-14
21	4.20002e-05	2329	1.37521e-14
22	4.40002e-05	2329	1.65507e-14
23	4.60002e-05	2329	2.09362e-14
24	4.80002e-05	2329	2.70278e-14
25	5.00003e-05	19300	3.43349e-14
26	5.20003e-05	19300	4.16529e-14
27	5.40003e-05	19300	4.77797e-14
28	5.60003e-05	19300	5.22323e-14
29	5.80003e-05	19300	5.51454e-14
30	6.00003e-05	19300	5.68516e-14
31	6.20003e-05	19300	5.76311e-14
32	6.40003e-05	19300	5.76311e-14
33	6.60003e-05	19300	5.68516e-14
34	6.80003e-05	19300	5.51454e-14
35	7.00004e-05	19300	5.22323e-14
36	7.20004e-05	19300	4.77797e-14
37	7.40004e-05	19300	4.1653e-14
38	7.60004e-05	2329	3.4335e-14
39	7.80004e-05	2329	2.70279e-14
40	8.00004e-05	2329	2.09363e-14
41	8.20004e-05	2329	1.65509e-14
42	8.40004e-05	2329	1.37524e-14
43	8.60004e-05	2329	1.22339e-14
44	8.80004e-05	2329	1.17562e-14
45	9.00005e-05	2329	1.22339e-14
46	9.20005e-05	2329	1.37524e-14
47	9.40005e-05	2329	1.65509e-14
48	9.60005e-05	2329	2.09363e-14
49	9.80005e-05	2329	2.70279e-14
50	0.000100001	19300	3.4335e-14
51	0.000102001	19300	4.1653e-14
52	0.000104001	19300	4.77797e-14
53	0.000106001	19300	5.22323e-14
54	0.000108001	19300	5.51454e-14
55	0.000110001	19300	5.68516e-14
56	0.000112001	19300	5.76311e-14
57	0.000114001	19300	5.76311e-14
58	0.000116001	19300	5.68516e-14
59	0.000118001	19300	5.51454e-14
60	0.000120001	19300	5.22323e-14
61	0.000122001	19300	4.77797e-14
62	0.000124001	19300	4.1653e-14
63	0.000126001	2329	3.4335e-14
64	0.000128001	2329	2.70279e-14
65	0.000130001	2329	2.09363e-14
66	0.000132001	2329	1.65509e-14
67	0.000134001	2329	1.37524e-14
68	0.000136001	2329	1.22339e-14
69	0.000138001	2329	1.17562e-14
70	0.000140001	2329	1.22339e-14
71	0.000142001	2329	1.37524e-14
72	0.000144001	2329	1.65509e-14
73	0.000146001	2329	2.09363e-14
74	0.000148001	2329	2.70279e-14
75	0.000150001	19300	3.4335e-14
76	0.000152001	19300	4.1653e-14
77	0.000154001	19300	4.77797e-14
78	0.000156001	19300	5.22323e-14
79	0.000158001	19300	5.51454e-14
80	0.000160001	19300	5.68516e-14
81	0.000162001	19300	5.76311e-14
82	0.000164001	19300	5.76311e-14
83	0.000166001	19300	5.68516e-14
84	0.000168001	19300	5.51454e-14
85	0.000170001	19300	5.22323e-14
86	0.000172001	19300	4.77797e-14
87	0.000174001	19300	4.1653e-14
88	0.000176001	2329	3.4335e-14
89	0.000178001	2329	2.70279e-14
90	0.000180001	2329	2.09363e-14
91	0.000182001	2329	1.65509e-14
92	0.000184001	2329	1.37524e-14
93	0.000186001	2329	1.22339e-14
94	0.000188001	2329	1.17562e-14
95	0.000190001	2329	1.22339e-14
96	0.000192001	2329	1.37524e-14
97	0.000194001	2329	1.65509e-14
98	0.000196001	2329	2.09363e-14
99	0.000198001	2329	2.70279e-14
100	0.000200001	19300	3.4335e-14
101	0.000202001	19300	4.1653e-14
102	0.000204001	19300	4.77797e-14
103	0.000206001	19300	5.22323e-14
104	0.000208001	19300	5.51454e-14
105	0.000210001	19300	5.68516e-14
106	0.000212001	19300	5.76311e-14
107	0.000214001	19300	5.76311e-14
108	0.000216001	19300	5.68516e-14
109	0.000218001	19300	5.51454e-14
110	0.000220001	19300	5.22323e-14
111	0.000222001	19300	4.77797e-14
112	0.000224001	19300	4.1653e-14
113	0.000226001	2329	3.4335e-14
114	0.000228001	2329	2.70279e-14
115	0.000230001	2329	2.09363e-14
116	0.000232001	2329	1.65509e-14
117	0.000234001	2329	1.37524e-14
118	0.000236001	2329	1.22339e-14
119	0.000238001	2329	1.17562e-14
120	0.000240001	2329	1.22339e-14
121	0.000242001	2329	1.37524e-14
122	0.000244001	2329	1.65509e-14
123	0.000246001	2329	2.09363e-14
124	0.000248001	2329	2.70279e-14
125	0.000250001	19300	3.4335e-14
126	0.000252001	19300	4.1653e-14
127	0.000254001	19300	4.77797e-14
128	0.000256001	19300	5.22323e-14
129	0.000258001	19300	5.51454e-14
130	0.000260001	19300	5.68516e-14
131	0.000262001	19300	5.76311e-14
132	0.000264001	19300	5.76311e-14
133	0.000266001	19300	5.68516e-14
134	0.000268001	19300	5.51454e-14
135	0.000270001	19300	5.22323e-14
136	0.000272001	19300	4.77797e-14
137	0.000274001	19300	4.1653e-14
138	0.000276001	2329	3.4335e-14
139	0.000278001	2329	2.70279e-14
140	0.000280001	2329	2.09363e-14
141	0.000282001	2329	1.65509e-14
142	0.000284001	2329	1.37524e-14
143	0.000286001	2329	1.22339e-14
144	0.000288001	2329	1.17562e-14
145	0.000290001	2329	1.22339e-14
146	0.000292001	2329	1.37524e-14
147	0.000294001	2329	1.65509e-14
148	0.000296001	2329	2.09363e-14
149	0.000298001	2329	2.70279e-14
150	0.000300002	19300	3.4335e-14
151	0.000302002	19300	4.1653e-14
152	0.000304002	19300	4.77797e-14
153	0.000306002	19300	5.22323e-14
154	0.000308002	19300	5.51454e-14
155	0.000310002	19300	5.68516e-14
156	0.000312002	19300	5.76311e-14
157	0.000314002	19300	5.76311e-14
158	0.000316002	19300	5.68516e-14
159	0.000318002	19300	5.51454e-14
160	0.000320002	19300	5.22323e-14
161	0.000322002	19300	4.77797e-14
162	0.000324002	19300	4.1653e-14
163	0.000326002	2329	3.4335e-14
164	0.000328002	2329	2.70279e-14
165	0.000330002	2329	2.09363e-14
166	0.000332002	2329	1.65509e-14
167	0.000334002	2329	1.37524e-14
168	0.000336002	2329	1.22339e-14
169	0.000338002	2329	1.17562e-14
170	0.000340002	2329	1.22339e-14
171	0.000342002	2329	1.37524e-14
172	0.000344002	2329	1.65509e-14
173	0.000346002	2329	2.09363e-14
174	0.000348002	2329	2.70279e-14
175	0.000350002	19300	3.4335e-14
176	0.000352002	19300	4.1653e-14
177	0.000354002	19300	4.77797e-14
178	0.000356002	19300	5.22323e-14
179	0.000358002	19300	5.51454e-14
180	0.000360002	19300	5.68516e-14
181	0.000362002	19300	5.76311e-14
182	0.000364002	19300	5.76311e-14
183	0.000366002	19300	5.68516e-14
184	0.000368002	19300	5.51454e-14
185	0.000370002	19300	5.22323e-14
186	0.000372002	19300	4.77795e-14
187	0.000374002	19300	4.16528e-14
188	0.000376002	2329	3.43347e-14
189	0.000378002	2329	2.70274e-14
190	0.000380002	2329	2.09355e-14
191	0.000382002	2329	1.65496e-14
192	0.000384002	2329	1.37505e-14
193	0.000386002	2329	1.22309e-14
194	0.000388002	2329	1.17515e-14
195	0.000390002	2329	1.22266e-14
196	0.000392002	2329	1.3741e-14
197	0.000394002	2329	1.65329e-14
198	0.000396002	2329	2.09081e-14
199	0.000398002	2329	2.69836e-14
200	0.000400002	19300	3.42651e-14
201	0.000402002	19300	4.15425e-14
202	0.000404002	19300	4.76048e-14
203	0.000406002	19300	5.19546e-14
204	0.000408002	19300	5.47035e-14
205	0.000410002	19300	5.61475e-14
206	0.000412002	19300	5.65094e-14
207	0.000414002	19300	5.58495e-14
208	0.000416002	19300	5.4046e-14
209	0.000418002	19300	5.08098e-14
210	0.000420002	19300	4.57801e-14
211	0.000422002	19300	3.8812e-14
212	0.000424002	19300	3.04549e-14
